,Tax Effect Of Unusual Items,Tax Rate For Calcs,Normalized EBITDA,Net Income From Continuing Operation Net Minority Interest,Reconciled Depreciation,Reconciled Cost Of Revenue,EBITDA,EBIT,Net Interest Income,Interest Income,Normalized Income,Net Income From Continuing And Discontinued Operation,Total Expenses,Total Operating Income As Reported,Diluted Average Shares,Basic Average Shares,Diluted EPS,Basic EPS,Diluted NI Availto Com Stockholders,Net Income Common Stockholders,Net Income,Minority Interests,Net Income Including Noncontrolling Interests,Net Income Continuous Operations,Tax Provision,Pretax Income,Other Income Expense,Other Non Operating Income Expenses,Net Non Operating Interest Income Expense,Total Other Finance Cost,Interest Income Non Operating,Operating Income,Operating Expense,Selling General And Administration,General And Administrative Expense,Other Gand A,Gross Profit,Cost Of Revenue,Total Revenue,Operating Revenue,Ordinary Shares Number,Share Issued,Total Debt,Tangible Book Value,Invested Capital,Working Capital,Net Tangible Assets,Capital Lease Obligations,Common Stock Equity,Total Capitalization,Total Equity Gross Minority Interest,Minority Interest,Stockholders Equity,Gains Losses Not Affecting Retained Earnings,Other Equity Adjustments,Foreign Currency Translation Adjustments,Retained Earnings,Additional Paid In Capital,Capital Stock,Common Stock,Preferred Stock,Total Liabilities Net Minority Interest,Total Non Current Liabilities Net Minority Interest,Other Non Current Liabilities,Tradeand Other Payables Non Current,Non Current Deferred Liabilities,Non Current Deferred Taxes Liabilities,Long Term Debt And Capital Lease Obligation,Long Term Capital Lease Obligation,Long Term Debt,Current Liabilities,Current Deferred Liabilities,Current Deferred Revenue,Current Debt And Capital Lease Obligation,Current Capital Lease Obligation,Pensionand Other Post Retirement Benefit Plans Current,Payables And Accrued Expenses,Current Accrued Expenses,Payables,Total Tax Payable,Income Tax Payable,Accounts Payable,Total Assets,Total Non Current Assets,Other Non Current Assets,Goodwill And Other Intangible Assets,Other Intangible Assets,Goodwill,Net PPE,Accumulated Depreciation,Gross PPE,Other Properties,Machinery Furniture Equipment,Buildings And Improvements,Land And Improvements,Properties,Current Assets,Other Current Assets,Current Deferred Assets,Inventory,Receivables,Receivables Adjustments Allowances,Other Receivables,Taxes Receivable,Accounts Receivable,Allowance For Doubtful Accounts Receivable,Gross Accounts Receivable,Cash Cash Equivalents And Short Term Investments,Other Short Term Investments,Cash And Cash Equivalents,Free Cash Flow,Repayment Of Debt,Issuance Of Debt,Capital Expenditure,Interest Paid Supplemental Data,Income Tax Paid Supplemental Data,End Cash Position,Beginning Cash Position,Effect Of Exchange Rate Changes,Changes In Cash,Financing Cash Flow,Cash Flow From Continuing Financing Activities,Net Other Financing Charges,Proceeds From Stock Option Exercised,Net Issuance Payments Of Debt,Net Short Term Debt Issuance,Short Term Debt Payments,Short Term Debt Issuance,Net Long Term Debt Issuance,Long Term Debt Payments,Investing Cash Flow,Cash Flow From Continuing Investing Activities,Net Investment Purchase And Sale,Sale Of Investment,Purchase Of Investment,Net Business Purchase And Sale,Sale Of Business,Purchase Of Business,Net PPE Purchase And Sale,Sale Of PPE,Purchase Of PPE,Operating Cash Flow,Cash Flow From Continuing Operating Activities,Change In Working Capital,Change In Other Working Capital,Change In Other Current Assets,Change In Payables And Accrued Expense,Change In Payable,Change In Account Payable,Change In Tax Payable,Change In Income Tax Payable,Change In Prepaid Assets,Change In Inventory,Change In Receivables,Changes In Account Receivables,Stock Based Compensation,Provisionand Write Offof Assets,Deferred Tax,Deferred Income Tax,Depreciation Amortization Depletion,Depreciation And Amortization,Operating Gains Losses,Earnings Losses From Equity Investments,Gain Loss On Sale Of PPE,Net Income From Continuing Operations
2024-04-30,,,,,,,,,,36218000.0,,,,,,,,,,,,,,,,,,,,-36218000.0,36218000.0,,,,,,,,,,,,,,,,,,,,,,,,,-156807000.0,,,,,,,,,,,,,,427000.0,,,,,,,,,,,,,,,,,,,,,,,,,,,,,,,,,,23402000.0,,,,,,,,,,,,,,,,,,,,,,2000.0,2000.0,,,,,,,,-1067383000.0,,0.0,,,,,,,,,,,,,,,,,,,,,,,,,,,,
2024-07-31,,,,,,,,,,,,,,,,,,,,,,,,,,,,,,,,,,,,,,,,,,,,,,,,,,,,,,,,,,,,,,,,24544000.0,,,,,,,,,,,,64036000.0,,96648000.0,,,,,,,,,,,,-1142246000.0,,,807554000.0,1482891000.0,2027639000.0,0.0,,,,,,-12533000.0,624758000.0,0.0,,,,,,,,,0.0,,,,,,,,,,,,,-3000.0,-3000.0,0.0,,,,,,,-1608657000.0,,0.0,,,,,,,,,,,,,,,,,,,,,,,,,,,,
2024-10-31,0.0,0.2,461229000.0,362086000.0,54862000.0,634724000.0,461229000.0,406367000.0,45547000.0,45547000.0,362086000.0,362086000.0,740462000.0,406367000.0,976506000.0,963176000.0,0.37,0.38,362086000.0,362086000.0,362086000.0,910000.0,361176000.0,361176000.0,90142000.0,451318000.0,-596000.0,-596000.0,45547000.0,,45547000.0,406367000.0,105738000.0,105738000.0,105738000.0,105738000.0,512105000.0,634724000.0,1146829000.0,1146829000.0,963524402.0,963524402.0,116871000.0,7309317000.0,7896312000.0,4018262000.0,7309317000.0,116871000.0,7896312000.0,7896312000.0,7919946000.0,23634000.0,7896312000.0,-144739000.0,-144739000.0,,6907268000.0,1133687000.0,96000.0,96000.0,0.0,949541000.0,234686000.0,,43786000.0,95465000.0,95465000.0,95435000.0,95435000.0,,714855000.0,25576000.0,25576000.0,21436000.0,21436000.0,,667843000.0,,667843000.0,85628000.0,85628000.0,582215000.0,8869487000.0,4136370000.0,72663000.0,586995000.0,72512000.0,514483000.0,3476712000.0,-1191028000.0,4667740000.0,113557000.0,848321000.0,1531047000.0,2174815000.0,0.0,4733117000.0,32966000.0,147792000.0,52401000.0,801840000.0,-13628000.0,610956000.0,,204512000.0,,,3698118000.0,0.0,3698118000.0,245516000.0,0.0,,-236758000.0,10000.0,80826000.0,3698118000.0,1514111000.0,-2632000.0,2186639000.0,2137000.0,2137000.0,-720000.0,2857000.0,0.0,,,,0.0,0.0,1702228000.0,1702228000.0,1940000000.0,1940000000.0,,-1257000.0,,-1257000.0,-236515000.0,243000.0,-236758000.0,482274000.0,482274000.0,53140000.0,-1681000.0,-15218000.0,68757000.0,68757000.0,59826000.0,8931000.0,8931000.0,59026000.0,-8652000.0,-49092000.0,-49093000.0,10415000.0,1094000.0,1740000.0,1740000.0,54862000.0,54862000.0,-153000.0,-20000.0,-133000.0,361176000.0
2025-01-31,0.0,0.165,480471000.0,387400000.0,54260000.0,637763000.0,480471000.0,426211000.0,40747000.0,40747000.0,387400000.0,387400000.0,737105000.0,426211000.0,977910000.0,964746000.0,0.4,0.4,387400000.0,387400000.0,387400000.0,859000.0,386541000.0,386541000.0,76510000.0,463051000.0,-3907000.0,-3907000.0,40747000.0,,40747000.0,426211000.0,99342000.0,99342000.0,99342000.0,99342000.0,525553000.0,637763000.0,1163316000.0,1163316000.0,966053166.0,966053166.0,119397000.0,7723504000.0,8301257000.0,4337146000.0,7723504000.0,119397000.0,8301257000.0,8301257000.0,8324032000.0,22775000.0,8301257000.0,-171560000.0,-171560000.0,,7292904000.0,1179816000.0,97000.0,97000.0,0.0,863315000.0,233678000.0,,44091000.0,92886000.0,92886000.0,96701000.0,96701000.0,,629637000.0,26892000.0,26892000.0,22696000.0,22696000.0,,580049000.0,,580049000.0,17844000.0,17844000.0,562205000.0,9187347000.0,4220564000.0,65204000.0,577753000.0,68083000.0,509670000.0,3577607000.0,-1235610000.0,4813217000.0,114839000.0,861248000.0,1576005000.0,2261125000.0,0.0,4966783000.0,36460000.0,142815000.0,59072000.0,930985000.0,-13495000.0,690199000.0,48240000.0,206041000.0,,,3797451000.0,458542000.0,3338909000.0,61486000.0,-40000.0,,-116641000.0,1361000.0,196225000.0,3338909000.0,3698118000.0,1808000.0,-361017000.0,35576000.0,35576000.0,-1764000.0,37380000.0,-40000.0,,,,-40000.0,-40000.0,-574720000.0,-574720000.0,-458542000.0,0.0,,44000.0,,1257000.0,-116222000.0,419000.0,-116641000.0,178127000.0,178127000.0,-270158000.0,1229000.0,4543000.0,-82186000.0,-82186000.0,-15061000.0,-67125000.0,-67125000.0,-54050000.0,-7523000.0,-132171000.0,-83931000.0,9317000.0,-38000.0,-1693000.0,-1693000.0,54260000.0,54260000.0,-102000.0,-41000.0,-61000.0,386541000.0
2025-04-30,0.0,0.194,506065000.0,406609000.0,54520000.0,659449000.0,506065000.0,451545000.0,42776000.0,42776000.0,406609000.0,406609000.0,760171000.0,451545000.0,978089000.0,966234000.0,0.42,0.42,406609000.0,406609000.0,406609000.0,1271000.0,405338000.0,405338000.0,97466000.0,502804000.0,8483000.0,8483000.0,42776000.0,,42776000.0,451545000.0,100722000.0,100722000.0,100722000.0,100722000.0,552267000.0,659449000.0,1211716000.0,1211716000.0,966812661.0,966812661.0,101060000.0,8196176000.0,8781193000.0,4702022000.0,8196176000.0,101060000.0,8781193000.0,8781193000.0,8802697000.0,21504000.0,8781193000.0,-113300000.0,-113300000.0,,7698639000.0,1195757000.0,97000.0,97000.0,0.0,869525000.0,212393000.0,,36574000.0,94551000.0,94551000.0,81268000.0,81268000.0,,657132000.0,30292000.0,30292000.0,19792000.0,19792000.0,,607048000.0,,607048000.0,30125000.0,30125000.0,576923000.0,9672222000.0,4313068000.0,61106000.0,585017000.0,66417000.0,518600000.0,3666945000.0,-1266980000.0,4933925000.0,97678000.0,836906000.0,1636444000.0,2362897000.0,0.0,5359154000.0,54545000.0,117916000.0,44508000.0,757843000.0,-12748000.0,582504000.0,,188087000.0,,,4384342000.0,2017843000.0,2366499000.0,572923000.0,-4000.0,,-127950000.0,601000.0,41938000.0,2366499000.0,3338909000.0,6814000.0,-979224000.0,6460000.0,6460000.0,-874000.0,7338000.0,-4000.0,,,,-4000.0,-4000.0,-1686557000.0,-1686557000.0,-1559301000.0,0.0,-1559301000.0,-3177000.0,,-4390000.0,-124079000.0,3871000.0,-127950000.0,700873000.0,700873000.0,233646000.0,3328000.0,25619000.0,15267000.0,15267000.0,11295000.0,3972000.0,3972000.0,-5911000.0,15995000.0,179348000.0,131108000.0,9173000.0,-903000.0,20000.0,20000.0,54520000.0,54520000.0,-921000.0,-74000.0,-847000.0,405338000.0
2025-07-31,0.0,0.173701,466733000.0,396354000.0,54142000.0,615379000.0,466733000.0,412591000.0,49839000.0,,396354000.0,396354000.0,712506000.0,412591000.0,977778000.0,967100000.0,0.41,0.41,396354000.0,396354000.0,396354000.0,1046000.0,395308000.0,395308000.0,83100000.0,478408000.0,15978000.0,15978000.0,49839000.0,,,412591000.0,97127000.0,97127000.0,97127000.0,97127000.0,509718000.0,615379000.0,1125097000.0,1125097000.0,967478690.0,967478690.0,103739000.0,8606422000.0,9187033000.0,5071347000.0,8606422000.0,103739000.0,9187033000.0,9187033000.0,9207491000.0,20458000.0,9187033000.0,-120283000.0,-120283000.0,,8093069000.0,1214150000.0,97000.0,97000.0,0.0,883411000.0,200130000.0,,35635000.0,80625000.0,80625000.0,83870000.0,83870000.0,,683281000.0,200069000.0,200069000.0,19869000.0,19869000.0,67057000.0,396286000.0,127954000.0,268332000.0,53930000.0,41141000.0,214402000.0,10090902000.0,4336274000.0,57862000.0,580611000.0,62832000.0,517779000.0,3697801000.0,-1281585000.0,4979386000.0,99708000.0,800954000.0,1684171000.0,2394553000.0,0.0,5754628000.0,46361000.0,116145000.0,39661000.0,763391000.0,-12945000.0,574787000.0,580000.0,200969000.0,,,4789070000.0,2008539000.0,2780531000.0,350835000.0,-5000.0,,-87641000.0,47000.0,90014000.0,2780531000.0,2366499000.0,-3979000.0,418011000.0,7934000.0,7934000.0,-1924000.0,9863000.0,-5000.0,0.0,0.0,,-5000.0,-5000.0,-28399000.0,-28399000.0,35925000.0,2020000000.0,-1984075000.0,-3981000.0,,-3981000.0,-60343000.0,27298000.0,-87641000.0,438476000.0,438476000.0,5932000.0,-239000.0,1761000.0,23502000.0,23502000.0,13539000.0,9963000.0,9963000.0,8683000.0,4835000.0,-32610000.0,-32034000.0,9099000.0,201000.0,-13507000.0,-13507000.0,54142000.0,54142000.0,-12699000.0,-14000.0,-12685000.0,395308000.0
2025-10-31,0.0,0.174,484893000.0,403714000.0,54199000.0,618032000.0,484893000.0,430694000.0,53505000.0,53505000.0,403714000.0,403714000.0,724336000.0,430694000.0,977100000.0,967650000.0,0.41,0.42,403714000.0,403714000.0,403714000.0,1504000.0,402210000.0,402210000.0,84913000.0,487123000.0,2924000.0,2924000.0,53505000.0,,53505000.0,430694000.0,106304000.0,106304000.0,106304000.0,106304000.0,536998000.0,618032000.0,1155030000.0,1155030000.0,967904634.0,967904634.0,99936000.0,9021786000.0,9600157000.0,5420938000.0,9021786000.0,99936000.0,9600157000.0,9600157000.0,9619111000.0,18954000.0,9600157000.0,-120076000.0,-120076000.0,,8495453000.0,1224683000.0,97000.0,97000.0,0.0,961903000.0,180707000.0,,12802000.0,85839000.0,85839000.0,82066000.0,82066000.0,,781196000.0,30471000.0,30471000.0,17870000.0,17870000.0,,732855000.0,,732855000.0,125469000.0,125469000.0,607386000.0,10581014000.0,4378880000.0,54491000.0,578371000.0,59615000.0,518756000.0,3746018000.0,,3746018000.0,3746018000.0,,,,,6202134000.0,39848000.0,118166000.0,40408000.0,760261000.0,,,574000.0,759687000.0,-14916000.0,774603000.0,5243451000.0,9861000.0,5233590000.0,427211000.0,-5000.0,,-108042000.0,641000.0,20055000.0,5233590000.0,2780531000.0,1050000.0,2452009000.0,450000.0,450000.0,-1330000.0,1785000.0,-5000.0,,,,-5000.0,-5000.0,1916306000.0,1916306000.0,2025000000.0,2025000000.0,,-8584000.0,,-8584000.0,-100110000.0,7932000.0,-108042000.0,535253000.0,535253000.0,63433000.0,346000.0,-1955000.0,82974000.0,82974000.0,21474000.0,61500000.0,61500000.0,7891000.0,-655000.0,-25168000.0,-25168000.0,9319000.0,1977000.0,5290000.0,5290000.0,54199000.0,54199000.0,-1175000.0,-47000.0,-1128000.0,402210000.0
