Price,Adj Close,Close,High,Low,Open,Volume
Ticker,GIS,GIS,GIS,GIS,GIS,GIS
Date,,,,,,
2000-01-03,7.75702428817749,17.21875,17.75,17.03125,17.6875,2078200
2000-01-04,7.616243362426758,16.90625,17.21875,16.78125,17.03125,1546800
2000-01-05,7.5740065574646,16.8125,17.09375,16.59375,16.59375,2018800
2000-01-06,7.6222710609436035,16.78125,17.0,16.46875,16.78125,3292600
2000-01-07,7.636463642120361,16.8125,17.28125,16.75,17.21875,4529000
2000-01-10,7.4803266525268555,16.46875,16.90625,16.4375,16.8125,1466200
2000-01-11,7.579687595367432,16.6875,16.78125,16.46875,16.5,1852400
2000-01-12,7.565495014190674,16.65625,16.96875,16.59375,16.625,2186800
2000-01-13,7.593882083892822,16.71875,16.9375,16.4375,16.5,1377600
2000-01-14,7.4235520362854,16.34375,16.6875,16.21875,16.46875,1515000
2000-01-18,7.4945244789123535,16.5,16.625,15.90625,16.0,1883200
2000-01-19,7.4235520362854,16.34375,16.65625,16.15625,16.4375,2575400
2000-01-20,7.295804500579834,16.0625,16.34375,15.90625,16.1875,1936600
2000-01-21,7.153862476348877,15.75,16.125,15.65625,16.0625,2287200
2000-01-24,7.08289098739624,15.59375,16.0,15.5,15.75,1962800
2000-01-25,6.855782508850098,15.09375,15.65625,15.09375,15.375,1157200
2000-01-26,7.040308952331543,15.5,15.78125,15.28125,15.71875,1387600
2000-01-27,6.898366928100586,15.1875,15.78125,15.15625,15.625,1320800
2000-01-28,6.869977951049805,15.125,15.46875,15.0,15.4375,1486000
2000-01-31,7.08289098739624,15.59375,15.65625,15.03125,15.0625,1343000
2000-02-01,6.869977951049805,15.125,15.8125,15.0,15.78125,3256000
2000-02-02,6.841588973999023,15.0625,15.40625,14.75,15.125,2574800
2000-02-03,6.955142498016357,15.3125,15.34375,14.6875,15.0625,1993800
2000-02-04,6.898366928100586,15.1875,15.28125,15.0,15.25,1435000
2000-02-07,6.940948963165283,15.28125,15.5625,14.75,15.4375,2410400
2000-02-08,6.997727394104004,15.40625,15.5,15.28125,15.46875,2358400
2000-02-09,6.926757335662842,15.25,15.46875,15.21875,15.40625,3026800
2000-02-10,6.827392578125,15.03125,15.25,14.875,15.1875,3784000
2000-02-11,6.912561416625977,15.21875,15.34375,15.0625,15.21875,1827400
2000-02-14,7.040308952331543,15.5,15.5,15.25,15.25,2413200
2000-02-15,7.366775989532471,16.21875,16.21875,15.625,15.625,2802800
2000-02-16,7.281610012054443,16.03125,16.125,15.78125,16.03125,1733600
2000-02-17,7.352581024169922,16.1875,16.28125,15.875,16.0625,1963200
2000-02-18,7.281610012054443,16.03125,16.1875,15.84375,16.0625,1428200
2000-02-22,7.593882083892822,16.71875,16.78125,16.03125,16.03125,2340200
2000-02-23,7.593882083892822,16.71875,16.90625,16.4375,16.59375,3129800
2000-02-24,7.522909164428711,16.5625,16.6875,16.3125,16.6875,3046800
2000-02-25,7.4945244789123535,16.5,16.5625,16.34375,16.46875,3363400
2000-02-28,7.4803266525268555,16.46875,16.5625,16.40625,16.46875,2061600
2000-02-29,7.4803266525268555,16.46875,16.625,16.375,16.46875,2434200
2000-03-01,7.537106990814209,16.59375,16.90625,16.46875,16.53125,2863000
2000-03-02,7.309998512268066,16.09375,16.4375,15.75,16.40625,3190000
2000-03-03,7.352581024169922,16.1875,16.375,15.9375,16.09375,1816000
2000-03-06,7.210638046264648,15.875,16.375,15.78125,16.375,2628200
2000-03-07,7.040308952331543,15.5,16.0,15.25,16.0,4915000
2000-03-08,7.1254706382751465,15.6875,15.84375,15.15625,15.375,3692400
2000-03-09,7.1680588722229,15.78125,15.9375,15.53125,15.625,2849600
2000-03-10,7.1254706382751465,15.6875,15.8125,15.4375,15.65625,2442000
2000-03-13,7.040308952331543,15.5,15.71875,15.21875,15.3125,2415200
2000-03-14,6.955142498016357,15.3125,15.625,15.28125,15.34375,1482600
2000-03-15,7.437749862670898,16.375,16.46875,15.1875,15.3125,2458600
2000-03-16,7.991320610046387,17.59375,17.84375,16.4375,16.5,3379000
2000-03-17,7.835182189941406,17.25,17.75,17.25,17.5625,2796800
2000-03-20,7.906152725219727,17.40625,17.71875,17.25,17.28125,2264800
2000-03-21,7.8919572830200195,17.375,17.53125,17.0625,17.53125,2813200
2000-03-22,7.8777618408203125,17.34375,17.59375,17.15625,17.25,2231200
2000-03-23,7.934541702270508,17.46875,17.53125,17.125,17.53125,2803600
2000-03-24,7.778407096862793,17.125,17.6875,17.125,17.59375,1110000
2000-03-27,7.750016212463379,17.0625,17.25,17.0,17.0,1555800
2000-03-28,7.792598247528076,17.15625,17.375,17.0625,17.0625,1606400
2000-03-29,7.906152725219727,17.40625,17.625,17.0,17.0,3034000
2000-03-30,8.147452354431152,17.9375,17.9375,17.3125,17.3125,3481400
2000-03-31,8.21842098236084,18.09375,18.34375,17.84375,18.0,1984000
2000-04-03,8.13326358795166,17.90625,18.1875,17.78125,18.03125,1694800
2000-04-04,8.402947425842285,18.5,18.875,17.90625,17.90625,3389600
2000-04-05,8.289396286010742,18.25,18.71875,18.15625,18.4375,1213600
2000-04-06,8.252212524414062,18.03125,18.28125,17.90625,18.15625,1085400
2000-04-07,8.094884872436523,17.6875,18.0,17.59375,17.90625,1171000
2000-04-10,8.023380279541016,17.53125,17.90625,17.46875,17.5625,1897600
2000-04-11,8.152097702026367,17.8125,17.9375,17.53125,17.59375,2166000
2000-04-12,8.352323532104492,18.25,18.46875,17.875,17.9375,2660000
2000-04-13,8.481046676635742,18.53125,18.75,18.0625,18.125,2170200
2000-04-14,8.280808448791504,18.09375,18.59375,18.03125,18.15625,2070000
2000-04-17,8.395230293273926,18.34375,18.40625,17.96875,18.125,1872400
2000-04-18,8.266512870788574,18.0625,18.34375,17.96875,18.34375,1279200
2000-04-19,8.252212524414062,18.03125,18.21875,17.90625,18.0,1668400
2000-04-20,8.280808448791504,18.09375,18.15625,17.9375,18.15625,1063000
2000-04-24,8.423833847045898,18.40625,18.5,18.03125,18.03125,1983800
2000-04-25,8.695574760437012,19.0,19.21875,18.28125,18.53125,3317600
2000-04-26,8.638360977172852,18.875,19.0,18.6875,18.875,1852200
2000-04-27,8.495346069335938,18.5625,18.8125,18.5,18.625,2190600
2000-04-28,8.32371711730957,18.1875,18.46875,18.15625,18.375,2052000
2000-05-01,8.33802318572998,18.21875,18.4375,18.0,18.21875,2169400
2000-05-02,8.29511833190918,18.125,18.375,18.03125,18.34375,1843000
2000-05-03,8.666964530944824,18.9375,19.09375,18.625,19.0,4516200
2000-05-04,8.709870338439941,19.03125,19.28125,18.75,18.8125,2272200
2000-05-05,8.709870338439941,19.03125,19.1875,18.96875,18.96875,1119600
2000-05-08,8.738478660583496,19.09375,19.28125,19.0,19.0625,1733400
2000-05-09,8.752779006958008,19.125,19.375,18.90625,18.90625,952600
2000-05-10,8.752779006958008,19.125,19.3125,19.0625,19.0625,629400
2000-05-11,8.795685768127441,19.21875,19.40625,19.0625,19.125,912000
2000-05-12,8.795685768127441,19.21875,19.34375,19.03125,19.25,1050200
2000-05-15,8.809982299804688,19.25,19.4375,19.0,19.0,1832000
2000-05-16,8.852890014648438,19.34375,19.53125,19.15625,19.375,1772400
2000-05-17,8.938702583312988,19.53125,19.71875,19.28125,19.375,1623800
2000-05-18,8.895794868469238,19.4375,19.59375,19.34375,19.34375,1017600
2000-05-19,9.110325813293457,19.90625,19.9375,19.25,19.25,2183000
2000-05-22,9.067413330078125,19.8125,19.9375,19.28125,19.5,2488600
2000-05-23,9.067413330078125,19.8125,19.84375,19.5,19.5,1795000
2000-05-24,9.16753101348877,20.03125,20.125,19.84375,19.875,2616200
2000-05-25,9.110325813293457,19.90625,20.125,19.8125,19.875,2362000
2000-05-26,9.382060050964355,20.5,20.6875,19.75,19.75,2536200
2000-05-30,9.296255111694336,20.3125,20.875,20.1875,20.4375,1916000
2000-05-31,9.081724166870117,19.84375,20.3125,19.65625,20.3125,1656200
2000-06-01,9.067413330078125,19.8125,20.25,19.6875,20.0,1787000
2000-06-02,9.053116798400879,19.78125,20.03125,19.75,19.875,1470600
2000-06-05,8.867195129394531,19.375,19.78125,19.28125,19.65625,1116600
2000-06-06,9.096024513244629,19.875,19.9375,19.0,19.25,2308000
2000-06-07,9.15323257446289,20.0,20.21875,19.84375,19.875,1451600
2000-06-08,9.024513244628906,19.71875,19.71875,19.375,19.65625,1579800
2000-06-09,8.910097122192383,19.46875,19.78125,19.4375,19.59375,1411200
2000-06-12,9.067413330078125,19.8125,19.96875,19.375,19.375,1274400
2000-06-13,9.15323257446289,20.0,20.375,19.65625,19.65625,1749400
2000-06-14,9.210436820983887,20.125,20.28125,19.9375,20.1875,1380400
2000-06-15,9.15323257446289,20.0,20.09375,19.78125,20.0,1756200
2000-06-16,8.852890014648438,19.34375,19.8125,19.25,19.78125,3054800
2000-06-19,8.838591575622559,19.3125,19.53125,19.28125,19.5,1907400
2000-06-20,8.738478660583496,19.09375,19.28125,19.09375,19.1875,1605400
2000-06-21,8.652665138244629,18.90625,19.28125,18.84375,19.03125,1348600
2000-06-22,8.681266784667969,18.96875,19.03125,18.53125,18.9375,2088800
2000-06-23,8.666964530944824,18.9375,19.1875,18.84375,19.09375,1188200
2000-06-26,8.767086029052734,19.15625,19.25,18.9375,19.125,1600800
2000-06-27,8.838591575622559,19.3125,19.5,19.1875,19.375,1616200
2000-06-28,8.845735549926758,19.328125,19.59375,19.03125,19.15625,1921600
2000-06-29,8.838591575622559,19.3125,19.46875,19.1875,19.3125,1074000
2000-06-30,8.752779006958008,19.125,19.4375,19.09375,19.1875,1893000
2000-07-03,8.738478660583496,19.09375,19.25,18.875,19.21875,572800
2000-07-05,8.852890014648438,19.34375,19.5,19.09375,19.125,2534000
2000-07-06,8.815441131591797,19.125,19.34375,19.0,19.15625,1074000
2000-07-07,8.743415832519531,18.96875,19.125,18.90625,19.125,970800
2000-07-10,8.527353286743164,18.5,18.96875,18.40625,18.96875,2311600
2000-07-11,8.48414134979248,18.40625,18.5625,18.09375,18.53125,2965600
2000-07-12,8.469738960266113,18.375,18.5625,18.15625,18.28125,1925200
2000-07-13,8.527353286743164,18.5,18.71875,18.3125,18.3125,3793600
2000-07-14,8.368907928466797,18.15625,18.71875,18.09375,18.5625,2983200
2000-07-17,8.066413879394531,17.5,17.90625,16.65625,17.71875,9258400
2000-07-18,8.037607192993164,17.4375,17.65625,16.8125,16.8125,6483800
2000-07-19,8.066413879394531,17.5,17.65625,17.375,17.4375,4858000
2000-07-20,8.124032974243164,17.625,17.6875,17.4375,17.5625,3034800
2000-07-21,8.138436317443848,17.65625,17.75,17.5,17.625,3300600
2000-07-24,8.037607192993164,17.4375,17.625,17.40625,17.46875,3454600
2000-07-25,8.066413879394531,17.5,17.59375,17.34375,17.46875,3143800
2000-07-26,7.987189292907715,17.328125,17.46875,17.21875,17.375,3930000
2000-07-27,8.008797645568848,17.375,17.59375,17.3125,17.5,1802200
2000-07-28,8.023200035095215,17.40625,17.46875,17.125,17.125,1503600
2000-07-31,7.9223737716674805,17.1875,17.4375,17.15625,17.40625,1890600
2000-08-01,7.97999382019043,17.3125,17.46875,17.25,17.25,2415400
2000-08-02,8.037607192993164,17.4375,17.5625,17.34375,17.375,2438600
2000-08-03,8.109630584716797,17.59375,17.625,17.46875,17.46875,1708400
2000-08-04,8.008797645568848,17.375,17.46875,17.25,17.46875,3559800
2000-08-07,8.008797645568848,17.375,17.421875,17.15625,17.15625,1167600
2000-08-08,7.965586185455322,17.28125,17.375,17.0625,17.0625,1311600
2000-08-09,7.893565654754639,17.125,17.34375,17.0625,17.3125,1932000
2000-08-10,8.023200035095215,17.40625,17.59375,17.21875,17.25,2224600
2000-08-11,8.023200035095215,17.40625,17.625,17.34375,17.4375,1569000
2000-08-14,8.008797645568848,17.375,17.4375,17.25,17.34375,684800
2000-08-15,7.951180458068848,17.25,17.5,17.21875,17.5,1412000
2000-08-16,7.807137966156006,16.9375,17.3125,16.875,17.3125,2076000
2000-08-17,7.706310749053955,16.71875,17.0,16.5625,16.875,3111200
2000-08-18,7.6486921310424805,16.59375,16.71875,16.46875,16.46875,2348400
2000-08-21,7.591071128845215,16.46875,16.671875,16.46875,16.5625,670400
2000-08-22,7.490245342254639,16.25,16.5,16.21875,16.46875,1732400
2000-08-23,7.6486921310424805,16.59375,16.71875,16.09375,16.125,2364200
2000-08-24,7.562262535095215,16.40625,16.65625,16.40625,16.5625,952600
2000-08-25,7.447033882141113,16.15625,16.40625,16.0625,16.40625,1366000
2000-08-28,7.547863006591797,16.375,16.5625,16.125,16.1875,1489200
2000-08-29,7.432623386383057,16.125,16.5625,16.0625,16.5625,1660600
2000-08-30,7.389409065246582,16.03125,16.125,15.9375,16.125,1821400
2000-08-31,7.407420635223389,16.0703125,16.15625,15.78125,15.9375,1386000
2000-09-01,7.3461995124816895,15.9375,16.09375,15.90625,16.03125,1046400
2000-09-05,7.302988529205322,15.84375,16.03125,15.75,15.75,1085400
2000-09-06,7.3461995124816895,15.9375,15.96875,15.6875,15.90625,844600
2000-09-07,7.375005722045898,16.0,16.03125,15.875,15.9375,907400
2000-09-08,7.418220043182373,16.09375,16.3125,15.84375,15.96875,1359000
2000-09-11,7.317391872406006,15.875,16.15625,15.75,16.15625,1466000
2000-09-12,7.490245342254639,16.25,16.34375,15.78125,16.0625,1962200
2000-09-13,7.562262535095215,16.40625,16.53125,16.28125,16.375,1943400
2000-09-14,7.475837230682373,16.21875,16.53125,16.09375,16.40625,1795000
2000-09-15,7.562262535095215,16.40625,16.65625,16.15625,16.1875,3106400
2000-09-18,7.504647731781006,16.28125,16.46875,16.28125,16.4375,876400
2000-09-19,7.519049644470215,16.3125,16.4375,16.25,16.28125,834200
2000-09-20,7.591071128845215,16.46875,16.5625,16.21875,16.3125,1564200
2000-09-21,7.735116481781006,16.78125,17.0,16.625,16.625,2533200
2000-09-22,7.936778545379639,17.21875,17.4375,16.96875,16.96875,3026400
2000-09-25,7.835944175720215,17.0,17.46875,16.9375,17.34375,1627400
2000-09-26,8.023200035095215,17.40625,17.4375,17.0625,17.125,4990600
2000-09-27,8.181649208068848,17.75,17.875,17.4375,17.625,2907000
2000-09-28,8.253676414489746,17.90625,18.1875,17.875,18.0,1655200
2000-09-29,8.181649208068848,17.75,18.21875,17.59375,18.0,2148800
2000-10-02,8.210460662841797,17.8125,17.875,17.5,17.6875,1365000
2000-10-03,8.239269256591797,17.875,18.03125,17.75,17.84375,1702200
2000-10-04,8.383306503295898,18.1875,18.40625,17.8125,17.8125,1871000
2000-10-05,8.592313766479492,18.5,18.625,18.0625,18.09375,2340600
2000-10-06,8.693910598754883,18.71875,18.84375,18.5,18.5,2414800
2000-10-09,8.621341705322266,18.5625,18.8125,18.53125,18.71875,1427200
2000-10-10,8.72293472290039,18.78125,18.84375,18.53125,18.6875,3311000
2000-10-11,8.751967430114746,18.84375,18.96875,18.65625,18.65625,1010800
2000-10-12,8.737451553344727,18.8125,18.90625,18.59375,18.75,1137400
2000-10-13,8.664885520935059,18.65625,18.84375,18.5625,18.8125,1293400
2000-10-16,8.664885520935059,18.65625,18.90625,18.59375,18.59375,2892000
2000-10-17,8.56328296661377,18.4375,18.8125,18.4375,18.625,1797000
2000-10-18,8.592313766479492,18.5,18.65625,18.25,18.3125,3414400
2000-10-19,8.780998229980469,18.90625,19.15625,18.28125,18.375,4020400
2000-10-20,8.751967430114746,18.84375,18.96875,18.78125,18.90625,1185000
2000-10-23,8.868080139160156,19.09375,19.25,18.78125,18.78125,2023200
2000-10-24,8.95516300201416,19.28125,19.375,19.125,19.125,1616800
2000-10-25,9.085792541503906,19.5625,19.6875,19.3125,19.375,1366000
2000-10-26,9.114821434020996,19.625,19.84375,19.03125,19.53125,5047600
2000-10-27,9.201898574829102,19.8125,19.8125,19.5,19.5,1012600
2000-10-30,9.521211624145508,20.5,20.5625,19.875,19.9375,3065600
2000-10-31,9.695380210876465,20.875,20.96875,20.3125,20.3125,4605200
2000-11-01,9.550236701965332,20.5625,20.96875,20.34375,20.90625,4409200
2000-11-02,9.405092239379883,20.25,20.84375,20.25,20.75,3866400
2000-11-03,9.361557960510254,20.15625,20.75,20.03125,20.5,4316000
2000-11-06,9.463159561157227,20.375,20.75,19.96875,20.15625,2377400
2000-11-07,9.361557960510254,20.15625,20.40625,20.15625,20.375,1065000
2000-11-08,9.50670051574707,20.46875,20.65625,19.96875,20.03125,2402200
2000-11-09,9.463159561157227,20.375,20.90625,20.1875,20.59375,2605200
2000-11-10,9.521211624145508,20.5,20.65625,20.375,20.5,2047800
2000-11-13,9.43413257598877,20.3125,20.59375,20.25,20.4375,1605800
2000-11-14,9.34704303741455,20.125,20.34375,20.0625,20.09375,1481600
2000-11-15,9.376069068908691,20.1875,20.28125,19.90625,20.15625,1948600
2000-11-16,9.361557960510254,20.15625,20.375,20.0625,20.3125,1560200
2000-11-17,9.303499221801758,20.03125,20.1875,19.84375,20.15625,1381800
2000-11-20,9.376069068908691,20.1875,20.5625,20.09375,20.125,1179400
2000-11-21,9.738924980163574,20.96875,21.0,19.90625,20.21875,4140000
2000-11-22,9.767951011657715,21.03125,21.71875,20.875,21.15625,3383000
2000-11-24,9.579269409179688,20.625,21.09375,20.59375,21.03125,923600
2000-11-27,9.608296394348145,20.6875,20.875,20.5,20.6875,927600
2000-11-28,9.47767162322998,20.40625,20.71875,20.25,20.375,3587400
2000-11-29,9.680870056152344,20.84375,21.03125,20.3125,20.53125,2514400
2000-11-30,9.550236701965332,20.5625,21.15625,20.53125,20.53125,2620600
2000-12-01,9.463159561157227,20.375,20.5625,20.15625,20.5625,1552200
2000-12-04,9.492180824279785,20.4375,20.78125,20.25,20.75,3014200
2000-12-05,9.361557960510254,20.15625,20.4375,20.0625,20.4375,1198800
2000-12-06,9.172870635986328,19.75,20.1875,19.6875,20.0625,1796400
2000-12-07,9.28899097442627,20.0,20.25,19.5625,19.625,3334200
2000-12-08,9.463159561157227,20.375,20.5,19.6875,20.0,3158600
2000-12-11,9.100300788879395,19.59375,20.15625,19.40625,20.15625,4543200
2000-12-12,9.129334449768066,19.65625,19.71875,19.375,19.5,1962200
2000-12-13,9.216418266296387,19.84375,20.09375,19.65625,19.65625,3689800
2000-12-14,9.274473190307617,19.96875,20.15625,19.84375,20.125,966200
2000-12-15,9.201898574829102,19.8125,20.21875,19.65625,19.65625,2000000
2000-12-18,9.550236701965332,20.5625,20.65625,19.8125,19.8125,2447400
2000-12-19,9.492180824279785,20.4375,20.9375,20.375,20.75,2294600
2000-12-20,9.680870056152344,20.84375,20.84375,20.3125,20.4375,2344800
2000-12-21,9.680870056152344,20.84375,20.96875,20.53125,20.9375,2331600
2000-12-22,9.869545936584473,21.25,21.3125,20.8125,20.875,2556600
2000-12-26,10.159832954406738,21.875,21.90625,21.25,21.25,2508400
2000-12-27,10.246914863586426,22.0625,22.3125,21.875,22.0,2123400
2000-12-28,10.290457725524902,22.15625,22.3125,21.96875,22.25,1115600
2000-12-29,10.3485107421875,22.28125,22.65625,22.125,22.15625,1941800
2001-01-02,10.217886924743652,22.0,22.40625,21.90625,22.0,1526600
2001-01-03,10.029207229614258,21.59375,22.1875,21.375,22.125,3075200
2001-01-04,9.724410057067871,20.9375,21.4375,20.5625,21.40625,4826200
2001-01-05,9.942116737365723,21.40625,21.46875,20.71875,20.84375,2169800
2001-01-08,10.064826965332031,21.53125,21.59375,21.09375,21.09375,1483400
2001-01-09,10.064826965332031,21.53125,21.59375,21.125,21.5625,1705200
2001-01-10,9.977178573608398,21.34375,21.5625,21.15625,21.5625,1269000
2001-01-11,9.699626922607422,20.75,21.34375,20.75,21.34375,2589800
2001-01-12,9.582765579223633,20.5,20.71875,20.1875,20.65625,2136200
2001-01-16,9.816489219665527,21.0,21.0625,20.5,20.5,2326200
2001-01-17,9.64119815826416,20.625,20.84375,20.5625,20.75,2105600
2001-01-18,9.611980438232422,20.5625,20.71875,20.4375,20.5625,1421400
2001-01-19,9.480509757995605,20.28125,20.28125,20.0625,20.25,2370400
2001-01-22,9.509723663330078,20.34375,20.375,20.125,20.1875,1182000
2001-01-23,9.524335861206055,20.375,20.5625,20.15625,20.40625,2030400
2001-01-24,9.436683654785156,20.1875,20.5625,20.0625,20.375,3001200
2001-01-25,9.465895652770996,20.25,20.4375,20.03125,20.1875,2590400
2001-01-26,9.480509757995605,20.28125,20.59375,20.09375,20.375,1883600
2001-01-29,9.421488761901855,20.155000686645508,20.3799991607666,19.969999313354492,20.155000686645508,1329400
2001-01-30,9.521997451782227,20.3700008392334,20.46500015258789,19.9950008392334,20.155000686645508,2027200
2001-01-31,9.793118476867676,20.950000762939453,21.184999465942383,20.28499984741211,20.375,2748000
2001-02-01,9.807144165039062,20.979999542236328,21.075000762939453,20.75,21.075000762939453,1290000
2001-02-02,9.7019624710083,20.7549991607666,20.9950008392334,20.68000030517578,20.9950008392334,862400
2001-02-05,9.84687614440918,21.065000534057617,21.209999084472656,20.780000686645508,20.924999237060547,1167800
2001-02-06,10.132019996643066,21.674999237060547,21.975000381469727,21.0049991607666,21.190000534057617,2846200
2001-02-07,10.342368125915527,22.125,22.399999618530273,21.510000228881836,21.549999237060547,2913800
2001-02-08,10.333027839660645,22.104999542236328,22.4950008392334,22.0,22.125,2703000
2001-02-09,10.096962928771973,21.600000381469727,22.225000381469727,21.575000762939453,21.875,2066800
2001-02-12,10.160073280334473,21.735000610351562,21.799999237060547,21.450000762939453,21.600000381469727,1415800
2001-02-13,10.356398582458496,22.155000686645508,22.395000457763672,21.604999542236328,21.860000610351562,2688400
2001-02-14,10.223174095153809,21.8700008392334,22.040000915527344,21.649999618530273,21.959999084472656,2403800
2001-02-15,10.27225399017334,21.975000381469727,22.084999084472656,21.579999923706055,21.80500030517578,1832000
2001-02-16,10.337698936462402,22.114999771118164,22.200000762939453,21.864999771118164,21.989999771118164,1137600
2001-02-20,10.42651081085205,22.30500030517578,22.700000762939453,21.950000762939453,22.0,2429000
2001-02-21,10.351722717285156,22.145000457763672,22.489999771118164,22.024999618530273,22.485000610351562,1679400
2001-02-22,10.143707275390625,21.700000762939453,22.145000457763672,21.510000228881836,22.0,1713200
2001-02-23,10.160073280334473,21.735000610351562,21.8799991607666,21.40999984741211,21.575000762939453,1948600
2001-02-26,10.269919395446777,21.969999313354492,22.100000381469727,21.649999618530273,21.75,1668600
2001-02-27,10.302641868591309,22.040000915527344,22.094999313354492,21.600000381469727,22.0,2358800
2001-02-28,10.482608795166016,22.424999237060547,22.450000762939453,22.040000915527344,22.040000915527344,2425600
2001-03-01,10.5293550491333,22.524999618530273,22.549999237060547,22.309999465942383,22.424999237060547,2396200
2001-03-02,10.664915084838867,22.815000534057617,22.90999984741211,22.485000610351562,22.649999618530273,1926400
2001-03-05,10.78177547454834,23.065000534057617,23.174999237060547,22.450000762939453,22.75,2130600
2001-03-06,10.566751480102539,22.604999542236328,22.915000915527344,22.434999465942383,22.915000915527344,1770000
2001-03-07,10.541037559509277,22.549999237060547,22.600000381469727,22.104999542236328,22.334999084472656,1779600
2001-03-08,10.470926284790039,22.399999618530273,22.549999237060547,22.1299991607666,22.25,1774800
2001-03-09,10.421845436096191,22.295000076293945,22.5,22.260000228881836,22.450000762939453,1262400
2001-03-12,10.39612865447998,22.239999771118164,22.420000076293945,21.975000381469727,22.125,2045200
2001-03-13,10.31666374206543,22.06999969482422,22.125,21.850000381469727,22.114999771118164,1350200
2001-03-14,10.120332717895508,21.649999618530273,21.950000762939453,21.34000015258789,21.920000076293945,1902600
2001-03-15,10.09228515625,21.59000015258789,21.649999618530273,21.125,21.649999618530273,2179200
2001-03-16,10.050217628479004,21.5,21.625,21.125,21.125,3246400
2001-03-19,9.97075366973877,21.329999923706055,21.614999771118164,21.260000228881836,21.375,1290600
2001-03-20,9.991783142089844,21.375,21.690000534057617,21.19499969482422,21.440000534057617,1778800
2001-03-21,10.050217628479004,21.5,21.65999984741211,21.174999237060547,21.524999618530273,2130200
2001-03-22,9.802465438842773,20.969999313354492,21.5049991607666,20.71500015258789,21.5,2170200
2001-03-23,9.772088050842285,20.905000686645508,21.200000762939453,20.375,20.81999969482422,1485200
2001-03-26,9.760393142700195,20.8799991607666,21.100000381469727,20.510000228881836,21.100000381469727,1778600
2001-03-27,9.97775936126709,21.344999313354492,21.450000762939453,21.030000686645508,21.030000686645508,1920800
2001-03-28,10.015156745910645,21.424999237060547,21.725000381469727,21.174999237060547,21.344999313354492,1692800
2001-03-29,10.017497062683105,21.43000030517578,21.665000915527344,21.03499984741211,21.475000381469727,1682000
2001-03-30,10.052556037902832,21.5049991607666,21.75,21.43000030517578,21.579999923706055,2863200
2001-04-02,10.003471374511719,21.399999618530273,21.71500015258789,21.2450008392334,21.649999618530273,1699000
2001-04-03,9.93101692199707,21.2450008392334,21.34000015258789,20.975000381469727,21.325000762939453,1418800
2001-04-04,9.933348655700684,21.25,21.5,21.0,21.31999969482422,2863600
2001-04-05,9.715988159179688,20.78499984741211,21.25,20.655000686645508,21.25,2792200
2001-04-06,9.575990676879883,20.350000381469727,20.899999618530273,20.25,20.600000381469727,2740800
2001-04-09,9.611289024353027,20.424999237060547,20.625,20.270000457763672,20.549999237060547,2149800
2001-04-10,9.531291961669922,20.2549991607666,20.5,20.114999771118164,20.299999237060547,1880200
2001-04-11,9.4465913772583,20.075000762939453,20.3799991607666,19.975000381469727,20.3799991607666,1614000
2001-04-12,9.528935432434082,20.25,20.325000762939453,20.030000686645508,20.125,1444000
2001-04-16,9.484230995178223,20.155000686645508,20.46500015258789,20.05500030517578,20.100000381469727,1156600
2001-04-17,9.505411148071289,20.200000762939453,20.399999618530273,20.040000915527344,20.100000381469727,1845800
2001-04-18,9.383063316345215,19.940000534057617,20.325000762939453,19.635000228881836,20.325000762939453,2089000
2001-04-19,9.343063354492188,19.854999542236328,19.989999771118164,19.639999389648438,19.825000762939453,1565800
2001-04-20,8.971319198608398,19.065000534057617,19.549999237060547,18.950000762939453,19.5,4783200
2001-04-23,8.936028480529785,18.989999771118164,19.18000030517578,18.934999465942383,18.950000762939453,3267800
2001-04-24,8.83250617980957,18.770000457763672,18.989999771118164,18.6299991607666,18.799999237060547,4171400
2001-04-25,8.85838508605957,18.825000762939453,19.239999771118164,18.75,18.799999237060547,5468400
2001-04-26,9.128957748413086,19.399999618530273,19.625,18.899999618530273,18.915000915527344,4134800
2001-04-27,9.173666954040527,19.4950008392334,19.700000762939453,19.200000762939453,19.274999618530273,2321200
2001-04-30,9.272477149963379,19.704999923706055,20.010000228881836,19.549999237060547,20.0,4400400
2001-05-01,9.36188793182373,19.895000457763672,19.899999618530273,19.665000915527344,19.875,3165200
2001-05-02,9.503057479858398,20.19499969482422,20.405000686645508,20.0,20.25,4155000
2001-05-03,9.406593322753906,19.989999771118164,20.125,19.825000762939453,20.125,1491000
2001-05-04,9.571290016174316,20.34000015258789,20.34000015258789,19.950000762939453,19.9950008392334,2282600
2001-05-07,9.538349151611328,20.270000457763672,20.385000228881836,20.040000915527344,20.21500015258789,1591800
2001-05-08,9.637165069580078,20.479999542236328,20.549999237060547,20.25,20.28499984741211,1705800
2001-05-09,9.552467346191406,20.299999237060547,20.5,20.0,20.424999237060547,2971400
2001-05-10,9.411300659179688,20.0,20.235000610351562,19.940000534057617,20.174999237060547,3197000
2001-05-11,9.371302604675293,19.915000915527344,20.149999618530273,19.834999084472656,20.075000762939453,1229400
2001-05-14,9.425416946411133,20.030000686645508,20.09000015258789,19.940000534057617,20.0,2519000
2001-05-15,9.406593322753906,19.989999771118164,20.125,19.93000030517578,20.125,1483200
2001-05-16,9.552467346191406,20.299999237060547,20.344999313354492,19.950000762939453,19.975000381469727,2084600
2001-05-17,9.39953327178955,19.975000381469727,20.325000762939453,19.875,20.325000762939453,1802200
2001-05-18,9.444231986999512,20.06999969482422,20.100000381469727,19.920000076293945,19.985000610351562,1587600
2001-05-21,9.620697021484375,20.44499969482422,20.450000762939453,19.975000381469727,20.024999618530273,3068200
2001-05-22,9.757166862487793,20.735000610351562,20.924999237060547,20.135000228881836,20.31999969482422,3527400
2001-05-23,9.825390815734863,20.8799991607666,21.049999237060547,20.725000381469727,20.774999618530273,2773200
2001-05-24,9.985386848449707,21.219999313354492,21.549999237060547,20.975000381469727,21.0,2667600
2001-05-25,9.928923606872559,21.100000381469727,21.274999618530273,21.065000534057617,21.094999313354492,2158400
2001-05-29,10.011271476745605,21.274999618530273,21.274999618530273,21.024999618530273,21.024999618530273,1576400
2001-05-30,9.975976943969727,21.200000762939453,21.524999618530273,21.174999237060547,21.200000762939453,1631600
2001-05-31,9.966562271118164,21.18000030517578,21.329999923706055,21.084999084472656,21.084999084472656,1778400
2001-06-01,10.034794807434082,21.325000762939453,21.385000228881836,21.200000762939453,21.2450008392334,1089400
2001-06-04,10.070087432861328,21.399999618530273,21.44499969482422,21.274999618530273,21.375,1006000
2001-06-05,10.105380058288574,21.475000381469727,21.59000015258789,21.34000015258789,21.475000381469727,1137000
2001-06-06,10.09597396850586,21.454999923706055,21.610000610351562,21.350000381469727,21.600000381469727,1734600
2001-06-07,10.143027305603027,21.55500030517578,21.610000610351562,21.40999984741211,21.475000381469727,1898600
2001-06-08,10.098319053649902,21.459999084472656,21.649999618530273,21.3700008392334,21.5,725200
2001-06-11,10.070087432861328,21.399999618530273,21.545000076293945,21.274999618530273,21.360000610351562,1814800
2001-06-12,10.079500198364258,21.420000076293945,21.524999618530273,21.28499984741211,21.524999618530273,1468000
2001-06-13,10.048913955688477,21.354999542236328,21.625,21.354999542236328,21.625,1593600
2001-06-14,10.074796676635742,21.40999984741211,21.56999969482422,21.354999542236328,21.375,1459000
2001-06-15,10.079500198364258,21.420000076293945,21.690000534057617,21.309999465942383,21.309999465942383,2005400
2001-06-18,10.046558380126953,21.350000381469727,21.530000686645508,21.350000381469727,21.424999237060547,1029000
2001-06-19,10.08656120300293,21.434999465942383,21.46500015258789,21.200000762939453,21.325000762939453,1158400
2001-06-20,10.117146492004395,21.5,21.700000762939453,21.434999465942383,21.434999465942383,1893800
2001-06-21,10.117146492004395,21.5,21.75,21.5,21.559999465942383,1568400
2001-06-22,10.140674591064453,21.549999237060547,21.700000762939453,21.4950008392334,21.549999237060547,1144400
2001-06-25,10.006563186645508,21.264999389648438,21.649999618530273,21.225000381469727,21.450000762939453,1540600
2001-06-26,9.952447891235352,21.149999618530273,21.364999771118164,21.149999618530273,21.209999084472656,1740200
2001-06-27,10.070087432861328,21.399999618530273,21.475000381469727,21.104999542236328,21.225000381469727,1679000
2001-06-28,10.175966262817383,21.625,21.780000686645508,21.325000762939453,21.450000762939453,2457600
2001-06-29,10.300667762756348,21.889999389648438,21.950000762939453,21.46500015258789,21.700000762939453,2744400
2001-07-02,10.293610572814941,21.875,22.024999618530273,21.655000686645508,22.0,2923800
2001-07-03,10.298310279846191,21.885000228881836,21.959999084472656,21.71500015258789,21.950000762939453,1002800
2001-07-05,10.288900375366211,21.864999771118164,21.950000762939453,21.760000228881836,21.760000228881836,1537000
2001-07-06,10.311397552490234,21.774999618530273,21.934999465942383,21.719999313354492,21.850000381469727,1552000
2001-07-09,10.301924705505371,21.7549991607666,21.940000534057617,21.649999618530273,21.774999618530273,1196400
2001-07-10,10.31849193572998,21.790000915527344,21.94499969482422,21.700000762939453,21.700000762939453,838800
2001-07-11,10.434516906738281,22.03499984741211,22.079999923706055,21.860000610351562,21.899999618530273,1476200
2001-07-12,10.34454345703125,21.844999313354492,22.024999618530273,21.670000076293945,22.010000228881836,1393200
2001-07-13,10.287718772888184,21.725000381469727,21.8799991607666,21.575000762939453,21.8700008392334,1244200
2001-07-16,10.299559593200684,21.75,21.850000381469727,21.649999618530273,21.75,1134600
2001-07-17,10.415574073791504,21.9950008392334,22.014999389648438,21.725000381469727,21.825000762939453,1318400
2001-07-18,10.441621780395508,22.049999237060547,22.165000915527344,21.889999389648438,21.950000762939453,1165000
2001-07-19,10.413206100463867,21.989999771118164,22.174999237060547,21.915000915527344,22.0049991607666,1541600
2001-07-20,10.47713565826416,22.125,22.274999618530273,21.9950008392334,22.075000762939453,1317800
2001-07-23,10.472396850585938,22.114999771118164,22.364999771118164,22.020000457763672,22.25,1262400
2001-07-24,10.488969802856445,22.149999618530273,22.315000534057617,22.010000228881836,22.09000015258789,1592200
2001-07-25,10.702065467834473,22.600000381469727,22.604999542236328,22.075000762939453,22.25,2408200
2001-07-26,10.526857376098633,22.229999542236328,22.524999618530273,22.174999237060547,22.524999618530273,1747800
2001-07-27,10.346906661987305,21.850000381469727,22.229999542236328,21.75,22.229999542236328,1848000
2001-07-30,10.273514747619629,21.69499969482422,21.899999618530273,21.55500030517578,21.850000381469727,2038800
2001-07-31,10.413206100463867,21.989999771118164,22.100000381469727,21.450000762939453,21.69499969482422,2334400
2001-08-01,10.335075378417969,21.825000762939453,22.079999923706055,21.709999084472656,22.06999969482422,1544600
2001-08-02,10.42741584777832,22.020000457763672,22.03499984741211,21.559999465942383,21.850000381469727,1299200
2001-08-03,10.278249740600586,21.704999923706055,22.125,21.625,22.03499984741211,1510200
2001-08-06,10.16695785522461,21.469999313354492,21.774999618530273,21.454999923706055,21.649999618530273,1057000
2001-08-07,10.22142219543457,21.584999084472656,21.674999237060547,21.299999237060547,21.5,1296400
2001-08-08,10.159856796264648,21.454999923706055,21.674999237060547,21.450000762939453,21.459999084472656,1041600
2001-08-09,10.453455924987793,22.075000762939453,22.25,21.43000030517578,21.5,1930600
2001-08-10,10.536328315734863,22.25,22.30500030517578,21.975000381469727,21.975000381469727,1563200
2001-08-13,10.370584487915039,21.899999618530273,22.375,21.899999618530273,22.274999618530273,1938200
2001-08-14,10.387161254882812,21.934999465942383,21.985000610351562,21.7549991607666,21.899999618530273,1469000
2001-08-15,10.465291976928711,22.100000381469727,22.225000381469727,21.915000915527344,22.059999465942383,1094000
2001-08-16,10.441621780395508,22.049999237060547,22.149999618530273,21.75,22.024999618530273,927800
2001-08-17,10.488969802856445,22.149999618530273,22.200000762939453,21.915000915527344,21.940000534057617,929200
2001-08-20,10.524484634399414,22.225000381469727,22.325000762939453,22.125,22.225000381469727,1093800
2001-08-21,10.654711723327637,22.5,22.649999618530273,22.295000076293945,22.325000762939453,2154000
2001-08-22,10.671286582946777,22.53499984741211,22.600000381469727,22.274999618530273,22.415000915527344,2934400
2001-08-23,10.666547775268555,22.524999618530273,22.68000030517578,22.399999618530273,22.649999618530273,1240800
2001-08-24,10.619197845458984,22.424999237060547,22.625,22.295000076293945,22.424999237060547,2058600
2001-08-27,10.583685874938965,22.350000381469727,22.614999771118164,22.274999618530273,22.30500030517578,1086200
2001-08-28,10.543428421020508,22.264999389648438,22.434999465942383,22.219999313354492,22.375,2016200
2001-08-29,10.429783821105957,22.024999618530273,22.2450008392334,22.0049991607666,22.184999465942383,686000
2001-08-30,10.422677040100098,22.010000228881836,22.450000762939453,21.924999237060547,22.024999618530273,1343400
2001-08-31,10.49844741821289,22.170000076293945,22.31999969482422,21.850000381469727,22.075000762939453,1161000
2001-09-04,10.593149185180664,22.3700008392334,22.479999542236328,22.149999618530273,22.225000381469727,1462200
2001-09-05,10.633405685424805,22.454999923706055,22.575000762939453,22.155000686645508,22.399999618530273,1500000
2001-09-06,10.680758476257324,22.55500030517578,22.735000610351562,22.204999923706055,22.329999923706055,1821200
2001-09-07,10.713903427124023,22.625,22.725000381469727,22.549999237060547,22.725000381469727,4116400
2001-09-10,10.827558517456055,22.864999771118164,22.8700008392334,22.549999237060547,22.549999237060547,3524400
2001-09-17,10.664183616638184,22.520000457763672,22.950000762939453,22.325000762939453,22.950000762939453,5545400
2001-09-18,10.98619270324707,23.200000762939453,23.295000076293945,22.290000915527344,22.700000762939453,4873400
2001-09-19,10.89858627319336,23.014999389648438,23.170000076293945,22.780000686645508,23.075000762939453,3299600
2001-09-20,10.820454597473145,22.850000381469727,23.024999618530273,22.600000381469727,22.899999618530273,3872600
2001-09-21,10.275873184204102,21.700000762939453,22.280000686645508,21.6299991607666,22.274999618530273,6609200
2001-09-24,10.571844100952148,22.325000762939453,22.364999771118164,21.825000762939453,21.825000762939453,3383200
2001-09-25,10.583685874938965,22.350000381469727,22.489999771118164,22.100000381469727,22.125,3906600
2001-09-26,10.564739227294922,22.309999465942383,22.649999618530273,22.174999237060547,22.524999618530273,2515800
2001-09-27,10.704432487487793,22.604999542236328,22.625,22.125,22.309999465942383,3628800
2001-09-28,10.773101806640625,22.75,22.825000762939453,22.44499969482422,22.825000762939453,2099400
2001-10-01,10.560004234313965,22.299999237060547,22.6299991607666,22.094999313354492,22.6299991607666,2358000
2001-10-02,10.441621780395508,22.049999237060547,22.299999237060547,21.950000762939453,22.200000762939453,3222600
2001-10-03,10.282979011535645,21.71500015258789,22.079999923706055,21.600000381469727,22.0,4027600
2001-10-04,10.22142219543457,21.584999084472656,21.809999465942383,21.420000076293945,21.799999237060547,3761400
2001-10-05,10.360819816589355,21.739999771118164,21.950000762939453,21.524999618530273,21.524999618530273,2653400
2001-10-08,10.234526634216309,21.475000381469727,21.725000381469727,21.424999237060547,21.489999771118164,4255400
2001-10-09,10.229755401611328,21.46500015258789,21.600000381469727,21.34000015258789,21.594999313354492,1932800
2001-10-10,10.341753005981445,21.700000762939453,21.764999389648438,21.5,21.549999237060547,3045600
2001-10-11,10.294098854064941,21.600000381469727,21.844999313354492,21.524999618530273,21.81999969482422,3757800
2001-10-12,10.186872482299805,21.375,21.635000228881836,21.299999237060547,21.625,2824200
2001-10-15,10.234526634216309,21.475000381469727,21.53499984741211,21.25,21.375,2832000
2001-10-16,10.241673469543457,21.489999771118164,21.5049991607666,21.375,21.424999237060547,2404800
2001-10-17,10.246441841125488,21.5,21.815000534057617,21.399999618530273,21.5,2811200
2001-10-18,10.241673469543457,21.489999771118164,21.56999969482422,21.420000076293945,21.424999237060547,3184400
2001-10-19,10.244061470031738,21.4950008392334,21.559999465942383,21.399999618530273,21.440000534057617,1801600
2001-10-22,10.282181739807129,21.575000762939453,21.774999618530273,21.399999618530273,21.649999618530273,3440800
2001-10-23,10.294098854064941,21.600000381469727,21.825000762939453,21.459999084472656,21.75,4135000
2001-10-24,10.451375007629395,21.93000030517578,22.299999237060547,21.864999771118164,22.149999618530273,10038000
2001-10-25,10.580044746398926,22.200000762939453,22.200000762939453,21.684999465942383,21.84000015258789,5581800
2001-10-26,10.682515144348145,22.415000915527344,22.450000762939453,21.989999771118164,22.200000762939453,2441600
2001-10-29,10.701578140258789,22.454999923706055,22.479999542236328,22.204999923706055,22.475000381469727,3211800
2001-10-30,10.720635414123535,22.4950008392334,22.635000228881836,22.260000228881836,22.454999923706055,2633800
2001-10-31,10.94225025177002,22.959999084472656,23.125,22.649999618530273,22.899999618530273,8487000
2001-11-01,11.199602127075195,23.5,23.719999313354492,22.959999084472656,22.959999084472656,33023400
2001-11-02,11.666646003723145,24.479999542236328,24.645000457763672,23.649999618530273,23.649999618530273,17799600
2001-11-05,11.962124824523926,25.100000381469727,25.375,24.575000762939453,24.625,15675200
2001-11-06,11.971654891967773,25.1200008392334,25.170000076293945,24.90999984741211,25.014999389648438,7787600
2001-11-07,12.102713584899902,25.395000457763672,25.579999923706055,24.985000610351562,25.049999237060547,6606800
2001-11-08,11.821537971496582,24.80500030517578,25.575000762939453,24.7549991607666,25.510000228881836,8163200
2001-11-09,11.616604804992676,24.375,25.0,24.200000762939453,24.655000686645508,12946400
2001-11-12,11.707157135009766,24.565000534057617,25.0,24.350000381469727,24.375,5112800
2001-11-13,11.785791397094727,24.729999542236328,24.875,24.5049991607666,24.875,3303600
2001-11-14,11.916849136352539,25.0049991607666,25.110000610351562,24.614999771118164,24.78499984741211,3277800
2001-11-15,11.795317649841309,24.75,25.149999618530273,24.71500015258789,24.7549991607666,3713400
2001-11-16,11.549887657165527,24.235000610351562,24.989999771118164,24.170000076293945,24.8700008392334,3796600
2001-11-19,11.435508728027344,23.9950008392334,24.235000610351562,23.915000915527344,24.235000610351562,5011400
2001-11-20,11.437889099121094,24.0,24.149999618530273,23.899999618530273,23.975000381469727,2878200
2001-11-21,11.492696762084961,24.114999771118164,24.235000610351562,23.8799991607666,24.0,2282000
2001-11-23,11.578479766845703,24.295000076293945,24.34000015258789,24.0049991607666,24.110000610351562,763200
2001-11-26,11.568946838378906,24.274999618530273,24.354999542236328,24.15999984741211,24.225000381469727,1745400
2001-11-27,11.414058685302734,23.950000762939453,24.280000686645508,23.950000762939453,24.25,2395000
2001-11-28,11.561797142028809,24.260000228881836,24.350000381469727,23.899999618530273,23.950000762939453,1767600
2001-11-29,11.640435218811035,24.424999237060547,24.475000381469727,24.184999465942383,24.25,2525800
2001-11-30,11.759574890136719,24.674999237060547,24.850000381469727,24.40999984741211,24.424999237060547,2751400
2001-12-03,12.00263500213623,25.184999465942383,25.25,24.55500030517578,24.674999237060547,3578600
2001-12-04,12.01216983795166,25.204999923706055,25.25,24.924999237060547,25.184999465942383,2503800
2001-12-05,11.919229507446289,25.010000228881836,25.30500030517578,24.854999542236328,25.204999923706055,3163000
2001-12-06,11.690479278564453,24.530000686645508,24.924999237060547,24.524999618530273,24.860000610351562,2040800
2001-12-07,11.697622299194336,24.545000076293945,24.774999618530273,24.5,24.549999237060547,1852600
2001-12-10,11.645196914672852,24.434999465942383,24.75,24.375,24.5,1196600
2001-12-11,11.616604804992676,24.375,24.6200008392334,24.309999465942383,24.434999465942383,1260000
2001-12-12,11.51890754699707,24.170000076293945,24.440000534057617,24.0,24.3700008392334,3686800
2001-12-13,11.716691970825195,24.584999084472656,24.725000381469727,24.165000915527344,24.170000076293945,2142800
2001-12-14,11.807232856750488,24.774999618530273,24.950000762939453,24.420000076293945,24.475000381469727,2376200
2001-12-17,11.795317649841309,24.75,24.96500015258789,24.635000228881836,24.780000686645508,2353200
2001-12-18,12.007400512695312,25.19499969482422,25.19499969482422,24.700000762939453,24.989999771118164,1967200
2001-12-19,12.236159324645996,25.674999237060547,25.899999618530273,24.954999923706055,25.19499969482422,5526600
2001-12-20,12.221861839294434,25.645000457763672,25.649999618530273,25.34000015258789,25.5,4805600
2001-12-21,12.367218017578125,25.950000762939453,25.950000762939453,25.645000457763672,25.649999618530273,3242000
2001-12-24,12.329092979431152,25.8700008392334,26.0,25.7549991607666,25.799999237060547,1268400
2001-12-26,12.479207992553711,26.184999465942383,26.2450008392334,25.875,25.875,1851400
2001-12-27,12.595976829528809,26.43000030517578,26.43000030517578,25.954999923706055,26.190000534057617,2608000
2001-12-28,12.476832389831543,26.18000030517578,26.399999618530273,26.075000762939453,26.364999771118164,1723400
2001-12-31,12.393431663513184,26.0049991607666,26.149999618530273,25.885000228881836,26.079999923706055,1486000
2002-01-02,12.14083480834961,25.475000381469727,25.864999771118164,25.084999084472656,25.864999771118164,4681600
2002-01-03,12.145614624023438,25.485000610351562,25.549999237060547,25.274999618530273,25.479999542236328,1482200
2002-01-04,11.940682411193848,25.05500030517578,25.485000610351562,24.8799991607666,25.485000610351562,2218000
2002-01-07,11.759574890136719,24.674999237060547,25.065000534057617,24.610000610351562,25.049999237060547,3660200
2002-01-08,11.823081970214844,24.670000076293945,24.719999313354492,24.44499969482422,24.635000228881836,2207800
2002-01-09,11.638570785522461,24.28499984741211,24.860000610351562,24.225000381469727,24.670000076293945,3888200
2002-01-10,11.6170015335083,24.239999771118164,24.565000534057617,24.190000534057617,24.334999084472656,2128400
2002-01-11,11.6170015335083,24.239999771118164,24.475000381469727,24.065000534057617,24.1200008392334,1530200
2002-01-14,11.724831581115723,24.46500015258789,24.700000762939453,24.135000228881836,24.239999771118164,2465600
2002-01-15,11.861419677734375,24.75,24.799999237060547,24.299999237060547,24.46500015258789,2116200
2002-01-16,11.782346725463867,24.584999084472656,24.90999984741211,24.579999923706055,24.75,1482200
2002-01-17,11.83266544342041,24.690000534057617,24.739999771118164,24.280000686645508,24.584999084472656,1976800
2002-01-18,11.969255447387695,24.975000381469727,25.075000762939453,24.65999984741211,24.774999618530273,2439800
2002-01-22,11.962060928344727,24.959999084472656,25.03499984741211,24.829999923706055,24.924999237060547,1459200
2002-01-23,11.849438667297363,24.725000381469727,24.924999237060547,24.600000381469727,24.875,1323400
2002-01-24,11.664926528930664,24.34000015258789,24.700000762939453,24.049999237060547,24.649999618530273,3501200
2002-01-25,11.612210273742676,24.229999542236328,24.399999618530273,24.03499984741211,24.34000015258789,1751400
2002-01-28,11.566688537597656,24.135000228881836,24.299999237060547,24.024999618530273,24.235000610351562,2176600
2002-01-29,11.513964653015137,24.024999618530273,24.1200008392334,23.815000534057617,24.0,2526400
2002-01-30,11.8302640914917,24.684999465942383,24.719999313354492,24.0,24.024999618530273,3138200
2002-01-31,11.873405456542969,24.774999618530273,24.899999618530273,24.424999237060547,24.575000762939453,2139200
2002-02-01,11.700874328613281,24.415000915527344,24.889999389648438,24.2450008392334,24.850000381469727,2794200
2002-02-04,11.662528991699219,24.334999084472656,24.75,24.219999313354492,24.5,1994000
2002-02-05,11.672119140625,24.354999542236328,24.649999618530273,24.209999084472656,24.524999618530273,1445400
2002-02-06,10.435652732849121,21.774999618530273,22.375,21.610000610351562,22.25,21753200
2002-02-07,10.759145736694336,22.450000762939453,22.614999771118164,21.825000762939453,21.825000762939453,9231200
2002-02-08,11.022730827331543,23.0,23.075000762939453,22.350000381469727,22.674999237060547,4554600
2002-02-11,11.073054313659668,23.104999542236328,23.18000030517578,22.825000762939453,23.024999618530273,3691800
2002-02-12,11.173699378967285,23.315000534057617,23.375,23.075000762939453,23.149999618530273,3416600
2002-02-13,11.015542030334473,22.985000610351562,23.540000915527344,22.895000457763672,23.375,3310000
2002-02-14,11.226415634155273,23.424999237060547,23.424999237060547,22.799999237060547,23.075000762939453,2455000
2002-02-15,11.231210708618164,23.434999465942383,23.739999771118164,23.31999969482422,23.325000762939453,2194800
2002-02-19,11.166507720947266,23.299999237060547,23.725000381469727,23.25,23.399999618530273,3725400
2002-02-20,11.382171630859375,23.75,23.790000915527344,22.975000381469727,23.299999237060547,4478800
2002-02-21,11.089827537536621,23.139999389648438,23.690000534057617,23.06999969482422,23.549999237060547,4084200
2002-02-22,11.327054023742676,23.635000228881836,23.725000381469727,23.024999618530273,23.225000381469727,1795000
2002-02-25,11.389359474182129,23.764999389648438,23.829999923706055,23.540000915527344,23.600000381469727,3288800
2002-02-26,11.44447135925293,23.8799991607666,24.0,23.69499969482422,23.975000381469727,3310600
2002-02-27,11.34862995147705,23.68000030517578,23.75,23.5,23.549999237060547,5176600
2002-02-28,11.077842712402344,23.114999771118164,23.674999237060547,23.094999313354492,23.625,6001600
2002-03-01,11.008352279663086,22.969999313354492,23.114999771118164,22.600000381469727,23.114999771118164,6628600
2002-03-04,10.543484687805176,22.0,22.969999313354492,21.899999618530273,22.969999313354492,8957800
2002-03-05,10.785504341125488,22.5049991607666,22.5049991607666,22.0,22.0,5970600
2002-03-06,10.888541221618652,22.719999313354492,22.895000457763672,22.524999618530273,22.649999618530273,2564400
2002-03-07,10.876564979553223,22.69499969482422,22.78499984741211,22.5,22.719999313354492,3598400
2002-03-08,11.022730827331543,23.0,23.06999969482422,22.774999618530273,22.924999237060547,5448400
2002-03-11,11.087435722351074,23.135000228881836,23.469999313354492,23.104999542236328,23.200000762939453,3274600
2002-03-12,11.214431762695312,23.399999618530273,23.415000915527344,23.049999237060547,23.325000762939453,2847200
2002-03-13,11.228813171386719,23.43000030517578,23.575000762939453,23.325000762939453,23.450000762939453,2606200
2002-03-14,11.351019859313965,23.684999465942383,23.78499984741211,23.475000381469727,23.475000381469727,1604000
2002-03-15,11.566688537597656,24.135000228881836,24.145000457763672,23.719999313354492,23.950000762939453,3072400
2002-03-18,11.509169578552246,24.014999389648438,24.135000228881836,23.53499984741211,24.135000228881836,2660400
2002-03-19,11.501986503601074,24.0,24.5049991607666,23.895000457763672,24.020000457763672,3539800
2002-03-20,11.317473411560059,23.614999771118164,24.094999313354492,23.440000534057617,23.850000381469727,4426400
2002-03-21,11.501986503601074,24.0,24.114999771118164,23.299999237060547,23.649999618530273,3353200
2002-03-22,11.57147216796875,24.145000457763672,24.295000076293945,24.045000076293945,24.135000228881836,1942600
2002-03-25,11.628988265991211,24.264999389648438,24.4950008392334,24.0,24.0,1837600
2002-03-26,11.775155067443848,24.56999969482422,24.725000381469727,24.375,24.375,2899600
2002-03-27,11.712848663330078,24.440000534057617,24.700000762939453,24.325000762939453,24.575000762939453,1563000
2002-03-28,11.705657958984375,24.424999237060547,24.68000030517578,24.30500030517578,24.399999618530273,1382000
2002-04-01,11.561890602111816,24.125,24.424999237060547,24.100000381469727,24.424999237060547,2626600
2002-04-02,11.569076538085938,24.139999389648438,24.280000686645508,24.045000076293945,24.125,2580600
2002-04-03,11.542720794677734,24.084999084472656,24.459999084472656,24.040000915527344,24.145000457763672,1668600
2002-04-04,11.787137985229492,24.594999313354492,24.625,24.1200008392334,24.149999618530273,1315400
2002-04-05,11.784738540649414,24.59000015258789,24.674999237060547,24.290000915527344,24.625,1211000
2002-04-08,11.858235359191895,24.604999542236328,24.625,24.399999618530273,24.450000762939453,1056200
2002-04-09,11.964262962341309,24.825000762939453,24.84000015258789,24.299999237060547,24.610000610351562,2386800
2002-04-10,12.010053634643555,24.920000076293945,24.975000381469727,24.649999618530273,24.704999923706055,1855400
2002-04-11,12.000411033630371,24.899999618530273,25.06999969482422,24.790000915527344,24.8799991607666,2271600
2002-04-12,12.091978073120117,25.09000015258789,25.149999618530273,24.799999237060547,24.950000762939453,1721600
2002-04-15,11.846186637878418,24.579999923706055,25.200000762939453,24.520000457763672,25.149999618530273,1784800
2002-04-16,12.048609733581543,25.0,25.06999969482422,24.655000686645508,24.75,3360000
2002-04-17,11.810042381286621,24.5049991607666,25.0,24.395000457763672,25.0,3150600
2002-04-18,11.879925727844238,24.649999618530273,24.68000030517578,24.1200008392334,24.325000762939453,2289200
2002-04-19,12.000411033630371,24.899999618530273,24.950000762939453,24.479999542236328,24.735000610351562,1739800
2002-04-22,12.024511337280273,24.950000762939453,25.059999465942383,24.704999923706055,24.774999618530273,1964600
2002-04-23,12.055838584899902,25.014999389648438,25.100000381469727,24.889999389648438,25.049999237060547,1115400
2002-04-24,11.824494361877441,24.53499984741211,25.155000686645508,24.5,25.024999618530273,2343600
2002-04-25,10.916035652160645,22.649999618530273,24.59000015258789,22.420000076293945,24.5,17126400
2002-04-26,10.344924926757812,21.46500015258789,21.579999923706055,20.799999237060547,21.149999618530273,32945200
2002-04-29,10.366620063781738,21.510000228881836,21.924999237060547,21.46500015258789,21.774999618530273,9409200
2002-04-30,10.614821434020996,22.024999618530273,22.149999618530273,21.584999084472656,21.649999618530273,6764800
2002-05-01,10.735305786132812,22.274999618530273,22.309999465942383,21.975000381469727,22.125,3788200
2002-05-02,10.983501434326172,22.790000915527344,22.795000076293945,22.299999237060547,22.440000534057617,3617800
2002-05-03,10.884706497192383,22.584999084472656,23.049999237060547,22.5,23.0,6723200
2002-05-06,10.754578590393066,22.315000534057617,22.625,22.2450008392334,22.584999084472656,3371000
2002-05-07,10.602770805358887,22.0,22.399999618530273,22.0,22.350000381469727,4160800
2002-05-08,10.672656059265137,22.145000457763672,22.204999923706055,21.989999771118164,22.204999923706055,2577000
2002-05-09,10.70156478881836,22.204999923706055,22.450000762939453,22.09000015258789,22.25,1688000
2002-05-10,10.708799362182617,22.219999313354492,22.5049991607666,22.100000381469727,22.299999237060547,3655000
2002-05-13,10.703977584838867,22.209999084472656,22.315000534057617,21.989999771118164,22.299999237060547,1647000
2002-05-14,10.747356414794922,22.299999237060547,22.469999313354492,22.145000457763672,22.450000762939453,1505200
2002-05-15,10.631686210632324,22.059999465942383,22.385000228881836,22.014999389648438,22.299999237060547,1868400
2002-05-16,10.766629219055176,22.34000015258789,22.454999923706055,22.18000030517578,22.225000381469727,1309200
2002-05-17,10.723257064819336,22.25,22.350000381469727,22.09000015258789,22.34000015258789,1116000
2002-05-20,10.626869201660156,22.049999237060547,22.274999618530273,22.0,22.274999618530273,1419200
2002-05-21,10.689521789550781,22.18000030517578,22.25,22.049999237060547,22.049999237060547,1641600
2002-05-22,10.901576042175293,22.6200008392334,22.65999984741211,22.25,22.25,1845400
2002-05-23,10.858200073242188,22.530000686645508,22.645000457763672,22.375,22.6200008392334,1654000
2002-05-24,10.867846488952637,22.549999237060547,22.645000457763672,22.420000076293945,22.625,1802600
2002-05-28,10.759405136108398,22.325000762939453,22.479999542236328,22.239999771118164,22.475000381469727,1251000
2002-05-29,10.843749046325684,22.5,22.5,22.264999389648438,22.329999923706055,1125600
2002-05-30,10.826879501342773,22.46500015258789,22.549999237060547,22.2549991607666,22.479999542236328,1411600
2002-05-31,10.964226722717285,22.75,22.93000030517578,22.344999313354492,22.375,1771000
2002-06-03,10.841331481933594,22.4950008392334,22.815000534057617,22.3799991607666,22.690000534057617,1629000
2002-06-04,10.759405136108398,22.325000762939453,22.600000381469727,22.155000686645508,22.325000762939453,2048200
2002-06-05,10.887118339538574,22.59000015258789,22.6200008392334,22.125,22.325000762939453,1273400
2002-06-06,10.725664138793945,22.2549991607666,22.579999923706055,22.079999923706055,22.575000762939453,1360200
2002-06-07,10.679880142211914,22.15999984741211,22.364999771118164,21.975000381469727,22.075000762939453,3208600
2002-06-10,10.624452590942383,22.045000076293945,22.184999465942383,21.950000762939453,22.184999465942383,1406400
2002-06-11,10.535299301147461,21.860000610351562,22.219999313354492,21.7450008392334,22.045000076293945,1964400
2002-06-12,10.508792877197266,21.80500030517578,21.96500015258789,21.75,21.860000610351562,2386600
2002-06-13,10.47506046295166,21.735000610351562,21.899999618530273,21.674999237060547,21.75,2287400
2002-06-14,10.340107917785645,21.454999923706055,21.56999969482422,21.375,21.475000381469727,4054400
2002-06-17,10.506379127502441,21.799999237060547,21.875,21.5,21.5,1841600
2002-06-18,10.554576873779297,21.899999618530273,21.950000762939453,21.725000381469727,21.899999618530273,2476000
2002-06-19,10.576260566711426,21.94499969482422,21.9950008392334,21.700000762939453,21.75,1923000
2002-06-20,10.482284545898438,21.75,22.084999084472656,21.625,21.924999237060547,4437400
2002-06-21,10.42927074432373,21.639999389648438,21.729999542236328,21.524999618530273,21.549999237060547,3423200
2002-06-24,10.349752426147461,21.475000381469727,21.594999313354492,21.09000015258789,21.5,3482400
2002-06-25,10.325651168823242,21.424999237060547,21.649999618530273,21.1299991607666,21.524999618530273,5962800
2002-06-26,10.689521789550781,22.18000030517578,22.225000381469727,21.354999542236328,21.674999237060547,4316400
2002-06-27,10.891940116882324,22.600000381469727,22.645000457763672,22.280000686645508,22.309999465942383,3887000
2002-06-28,10.622048377990723,22.040000915527344,22.559999465942383,22.040000915527344,22.549999237060547,5897600
2002-07-01,10.614821434020996,22.024999618530273,22.290000915527344,21.940000534057617,22.225000381469727,3256600
2002-07-02,10.581087112426758,21.954999923706055,22.149999618530273,21.864999771118164,21.875,2630600
2002-07-03,10.460598945617676,21.704999923706055,22.084999084472656,21.424999237060547,22.024999618530273,1718400
2002-07-05,10.663013458251953,22.125,22.125,21.584999084472656,21.850000381469727,824400
2002-07-08,10.749093055725098,22.165000915527344,22.209999084472656,21.905000686645508,21.920000076293945,2029200
2002-07-09,10.557536125183105,21.770000457763672,22.295000076293945,21.674999237060547,22.165000915527344,2663600
2002-07-10,10.511465072631836,21.674999237060547,21.924999237060547,21.565000534057617,21.725000381469727,3302000
2002-07-11,10.475096702575684,21.600000381469727,21.7549991607666,21.5,21.625,2808400
2002-07-12,10.222917556762695,21.079999923706055,21.540000915527344,20.975000381469727,21.540000915527344,1747400
2002-07-15,10.513885498046875,21.68000030517578,21.719999313354492,20.895000457763672,21.03499984741211,3923400
2002-07-16,10.24716567993164,21.1299991607666,21.549999237060547,21.03499984741211,21.479999542236328,3689800
2002-07-17,10.378103256225586,21.399999618530273,21.735000610351562,21.135000228881836,21.200000762939453,2518600
2002-07-18,9.754931449890137,20.114999771118164,21.360000610351562,20.024999618530273,21.225000381469727,3781000
2002-07-19,9.454256057739258,19.4950008392334,20.274999618530273,19.424999237060547,20.114999771118164,5439000
2002-07-22,9.31119441986084,19.200000762939453,19.96500015258789,19.040000915527344,19.4950008392334,4363600
2002-07-23,9.342718124389648,19.264999389648438,19.485000610351562,18.899999618530273,19.104999542236328,4188000
2002-07-24,9.67491340637207,19.950000762939453,19.985000610351562,18.690000534057617,19.075000762939453,3719600
2002-07-25,9.626418113708496,19.850000381469727,20.065000534057617,19.604999542236328,19.954999923706055,5728200
2002-07-26,9.662792205810547,19.924999237060547,20.0,19.674999237060547,20.0,2761200
2002-07-29,9.764632225036621,20.135000228881836,20.184999465942383,19.950000762939453,20.149999618530273,2908400
2002-07-30,9.81312370300293,20.235000610351562,20.420000076293945,20.020000457763672,20.190000534057617,3748600
2002-07-31,10.05075454711914,20.725000381469727,20.725000381469727,20.2450008392334,20.31999969482422,2630000
2002-08-01,9.97801399230957,20.575000762939453,20.924999237060547,20.524999618530273,20.719999313354492,1717000
2002-08-02,9.980433464050293,20.579999923706055,21.0,20.329999923706055,20.674999237060547,2006200
2002-08-05,9.951337814331055,20.520000457763672,20.81999969482422,20.46500015258789,20.674999237060547,2273800
2002-08-06,9.856773376464844,20.325000762939453,20.934999465942383,20.325000762939453,20.520000457763672,1884200
2002-08-07,10.111377716064453,20.850000381469727,20.850000381469727,20.2549991607666,20.424999237060547,2133000
2002-08-08,10.363555908203125,21.3700008392334,21.415000915527344,20.625,20.700000762939453,1915200
2002-08-09,10.392648696899414,21.43000030517578,21.540000915527344,21.174999237060547,21.25,1171800
2002-08-12,10.332027435302734,21.30500030517578,21.385000228881836,21.06999969482422,21.229999542236328,958800
2002-08-13,10.27384090423584,21.184999465942383,21.579999923706055,21.075000762939453,21.149999618530273,1521000
2002-08-14,10.523589134216309,21.700000762939453,21.700000762939453,20.915000915527344,21.225000381469727,1438000
2002-08-15,10.390222549438477,21.424999237060547,21.739999771118164,21.209999084472656,21.700000762939453,1177200
2002-08-16,10.278685569763184,21.19499969482422,21.614999771118164,21.149999618530273,21.424999237060547,1606400
2002-08-19,10.210792541503906,21.05500030517578,21.399999618530273,20.864999771118164,21.299999237060547,1990600
2002-08-20,10.045903205871582,20.71500015258789,20.950000762939453,20.600000381469727,20.950000762939453,1604000
2002-08-21,10.041058540344238,20.704999923706055,20.850000381469727,20.524999618530273,20.75,1985600
2002-08-22,10.067724227905273,20.760000228881836,20.90999984741211,20.524999618530273,20.704999923706055,1928800
2002-08-23,10.116219520568848,20.860000610351562,20.899999618530273,20.725000381469727,20.764999389648438,1492000
2002-08-26,10.24716567993164,21.1299991607666,21.174999237060547,20.674999237060547,20.834999084472656,1865000
2002-08-27,10.35385513305664,21.350000381469727,21.56999969482422,21.049999237060547,21.30500030517578,1715400
2002-08-28,10.361132621765137,21.364999771118164,21.424999237060547,21.014999389648438,21.350000381469727,1629600
2002-08-29,10.087125778198242,20.799999237060547,21.174999237060547,20.700000762939453,21.165000915527344,1349600
2002-08-30,10.205945014953613,21.045000076293945,21.350000381469727,20.549999237060547,20.790000915527344,1010000
2002-09-03,9.96831226348877,20.55500030517578,21.045000076293945,20.5,21.045000076293945,1628000
2002-09-04,10.03377914428711,20.690000534057617,20.799999237060547,20.450000762939453,20.625,1758000
2002-09-05,10.024084091186523,20.670000076293945,20.670000076293945,19.924999237060547,20.100000381469727,3901400
2002-09-06,10.082280158996582,20.790000915527344,20.875,20.350000381469727,20.735000610351562,2320600
2002-09-09,10.215642929077148,21.065000534057617,21.18000030517578,20.75,20.795000076293945,1837800
2002-09-10,10.174416542053223,20.979999542236328,21.200000762939453,20.75,21.174999237060547,2017600
2002-09-11,10.193815231323242,21.020000457763672,21.209999084472656,20.950000762939453,21.200000762939453,1036800
2002-09-12,10.07742977142334,20.780000686645508,20.954999923706055,20.739999771118164,20.899999618530273,1158400
2002-09-13,10.244738578796387,21.125,21.19499969482422,20.780000686645508,20.780000686645508,1731400
2002-09-16,10.365982055664062,21.375,21.420000076293945,21.0049991607666,21.075000762939453,1246600
2002-09-17,10.232614517211914,21.100000381469727,21.475000381469727,20.959999084472656,21.475000381469727,2034400
2002-09-18,10.421749114990234,21.489999771118164,21.565000534057617,20.950000762939453,21.149999618530273,2757000
2002-09-19,10.37568187713623,21.395000457763672,21.684999465942383,21.065000534057617,21.299999237060547,1944600
2002-09-20,10.581782341003418,21.81999969482422,21.860000610351562,21.440000534057617,21.5,3145200
2002-09-23,10.460540771484375,21.56999969482422,21.905000686645508,21.475000381469727,21.674999237060547,2146000
2002-09-24,10.766064643859863,22.200000762939453,22.329999923706055,21.5,21.575000762939453,3882400
2002-09-25,10.603605270385742,21.864999771118164,22.415000915527344,21.625,22.350000381469727,4866400
2002-09-26,10.955204010009766,22.59000015258789,22.594999313354492,21.959999084472656,22.0,3148000
2002-09-27,10.717568397521973,22.100000381469727,22.5,22.049999237060547,22.5,2276600
2002-09-30,10.770913124084473,22.209999084472656,22.30500030517578,21.815000534057617,22.024999618530273,2600200
2002-10-01,11.040068626403809,22.764999389648438,22.854999542236328,22.235000610351562,22.270000457763672,2334000
2002-10-02,10.724846839904785,22.114999771118164,22.90999984741211,21.625,22.760000228881836,3198200
2002-10-03,10.945497512817383,22.56999969482422,22.774999618530273,22.360000610351562,22.389999389648438,2590600
2002-10-04,10.81456184387207,22.299999237060547,22.899999618530273,22.2450008392334,22.690000534057617,2204400
2002-10-07,10.6618013381958,21.985000610351562,22.450000762939453,21.924999237060547,22.25,2751600
2002-10-08,10.787467956542969,22.104999542236328,22.4950008392334,21.975000381469727,22.049999237060547,3790400
2002-10-09,10.492222785949707,21.5,22.110000610351562,21.100000381469727,22.110000610351562,5979600
2002-10-10,10.345815658569336,21.200000762939453,21.674999237060547,21.1200008392334,21.5,2828600
2002-10-11,10.126209259033203,20.75,21.200000762939453,20.655000686645508,21.200000762939453,5056200
2002-10-14,10.450736045837402,21.415000915527344,21.46500015258789,20.75,20.75,3419600
2002-10-15,10.445859909057617,21.405000686645508,21.600000381469727,21.100000381469727,21.575000762939453,1937000
2002-10-16,10.406816482543945,21.325000762939453,21.670000076293945,21.024999618530273,21.405000686645508,1421400
2002-10-17,10.345815658569336,21.200000762939453,21.2549991607666,20.700000762939453,21.149999618530273,4466200
2002-10-18,10.172578811645508,20.844999313354492,21.100000381469727,20.5,21.0,3299600
2002-10-21,10.69962215423584,21.924999237060547,21.924999237060547,20.860000610351562,21.045000076293945,3011400
2002-10-22,10.06521224975586,20.625,21.149999618530273,20.524999618530273,20.924999237060547,19254600
2002-10-23,10.111571311950684,20.719999313354492,20.739999771118164,20.280000686645508,20.375,16407400
2002-10-24,10.006649017333984,20.5049991607666,20.825000762939453,20.30500030517578,20.809999465942383,6037400
2002-10-25,9.90660572052002,20.299999237060547,20.649999618530273,20.200000762939453,20.5,5065200
2002-10-28,9.794361114501953,20.06999969482422,20.350000381469727,20.0,20.28499984741211,5551600
2002-10-29,9.987128257751465,20.46500015258789,20.46500015258789,20.010000228881836,20.200000762939453,6905400
2002-10-30,9.962728500366211,20.415000915527344,20.594999313354492,20.200000762939453,20.55500030517578,3554600
2002-10-31,10.082289695739746,20.65999984741211,20.815000534057617,20.075000762939453,20.549999237060547,4113400
2002-11-01,10.187211036682129,20.875,20.969999313354492,20.510000228881836,20.625,4273400
2002-11-04,10.228693962097168,20.959999084472656,21.174999237060547,20.825000762939453,20.950000762939453,4135600
2002-11-05,10.392172813415527,21.295000076293945,21.299999237060547,21.024999618530273,21.024999618530273,3080000
2002-11-06,10.323856353759766,21.155000686645508,21.31999969482422,21.0049991607666,21.295000076293945,2093000
2002-11-07,10.321414947509766,21.149999618530273,21.325000762939453,21.06999969482422,21.174999237060547,2285000
2002-11-08,10.2116117477417,20.924999237060547,21.424999237060547,20.875,21.149999618530273,3557800
2002-11-11,10.36046028137207,21.229999542236328,21.325000762939453,20.864999771118164,20.924999237060547,4565400
2002-11-12,10.480019569396973,21.475000381469727,21.6200008392334,21.295000076293945,21.475000381469727,7042800
2002-11-13,10.560541152954102,21.639999389648438,21.875,21.420000076293945,21.524999618530273,3821400
2002-11-14,10.731341361999512,21.989999771118164,22.0,21.549999237060547,21.760000228881836,3639200
2002-11-15,10.838702201843262,22.209999084472656,22.375,21.774999618530273,21.875,3934200
2002-11-18,10.728901863098145,21.985000610351562,22.31999969482422,21.825000762939453,22.299999237060547,2855200
2002-11-19,10.987548828125,22.514999389648438,22.545000076293945,21.899999618530273,21.899999618530273,3640400
2002-11-20,11.097352027893066,22.739999771118164,22.739999771118164,22.405000686645508,22.514999389648438,4126600
2002-11-21,11.094913482666016,22.735000610351562,22.899999618530273,22.55500030517578,22.739999771118164,4820000
2002-11-22,11.214475631713867,22.979999542236328,23.1200008392334,22.6299991607666,22.735000610351562,4647600
2002-11-25,10.958270072937012,22.454999923706055,23.010000228881836,22.299999237060547,22.979999542236328,3108400
2002-11-26,10.92166519165039,22.3799991607666,22.4950008392334,22.184999465942383,22.454999923706055,2156000
2002-11-27,10.882623672485352,22.299999237060547,22.5049991607666,22.200000762939453,22.5049991607666,2291800
2002-11-29,10.887505531311035,22.309999465942383,22.360000610351562,22.165000915527344,22.299999237060547,1774800
2002-12-02,10.69962215423584,21.924999237060547,22.434999465942383,21.850000381469727,22.40999984741211,3051400
2002-12-03,10.726462364196777,21.979999542236328,22.225000381469727,21.829999923706055,21.850000381469727,2309800
2002-12-04,10.843588829040527,22.219999313354492,22.34000015258789,22.049999237060547,22.084999084472656,1403800
2002-12-05,10.78502082824707,22.100000381469727,22.299999237060547,21.934999465942383,22.219999313354492,1529600
2002-12-06,10.758184432983398,22.045000076293945,22.274999618530273,21.885000228881836,22.010000228881836,2142600
2002-12-09,10.711820602416992,21.950000762939453,22.399999618530273,21.850000381469727,22.149999618530273,2264600
2002-12-10,10.819184303283691,22.170000076293945,22.225000381469727,21.850000381469727,21.950000762939453,2031400
2002-12-11,10.728901863098145,21.985000610351562,22.174999237060547,21.704999923706055,22.174999237060547,1762200
2002-12-12,10.538578033447266,21.594999313354492,22.114999771118164,21.594999313354492,21.899999618530273,2461000
2002-12-13,10.611781120300293,21.7450008392334,21.975000381469727,21.5,21.594999313354492,3964400
2002-12-16,10.74110221862793,22.010000228881836,22.100000381469727,21.760000228881836,21.899999618530273,2044800
2002-12-17,10.953391075134277,22.44499969482422,22.575000762939453,22.0,22.014999389648438,4624800
2002-12-18,11.219354629516602,22.989999771118164,22.989999771118164,22.354999542236328,22.625,6784200
2002-12-19,11.275473594665527,23.104999542236328,23.1200008392334,22.864999771118164,23.0,3969400
2002-12-20,11.38527774810791,23.329999923706055,23.5,23.174999237060547,23.174999237060547,3996600
2002-12-23,11.456040382385254,23.475000381469727,23.625,23.309999465942383,23.450000762939453,3126000
2002-12-24,11.438959121704102,23.440000534057617,23.59000015258789,23.3700008392334,23.59000015258789,454000
2002-12-26,11.395041465759277,23.350000381469727,23.614999771118164,23.295000076293945,23.450000762939453,1890600
2002-12-27,11.3120756149292,23.18000030517578,23.46500015258789,23.125,23.450000762939453,1237800
2002-12-30,11.43652057647705,23.434999465942383,23.479999542236328,23.18000030517578,23.18000030517578,2697800
2002-12-31,11.456040382385254,23.475000381469727,23.53499984741211,23.15999984741211,23.485000610351562,1624600
2003-01-02,11.626836776733398,23.825000762939453,23.875,23.475000381469727,23.475000381469727,3840000
2003-01-03,11.590245246887207,23.75,23.81999969482422,23.55500030517578,23.815000534057617,2343600
2003-01-06,11.595125198364258,23.760000228881836,23.834999084472656,23.56999969482422,23.75,3836000
2003-01-07,11.41700553894043,23.395000457763672,23.75,23.295000076293945,23.75,3297800
2003-01-08,11.410858154296875,23.2450008392334,23.475000381469727,23.149999618530273,23.2549991607666,2654800
2003-01-09,11.538493156433105,23.5049991607666,23.604999542236328,23.149999618530273,23.149999618530273,3988800
2003-01-10,11.597404479980469,23.625,23.739999771118164,23.405000686645508,23.5049991607666,3504200
2003-01-13,11.77658462524414,23.989999771118164,24.0,23.68000030517578,23.725000381469727,4741400
2003-01-14,11.781489372253418,24.0,24.0,23.75,23.899999618530273,2333000
2003-01-15,11.759394645690918,23.954999923706055,24.0,23.875,24.0,3351400
2003-01-16,11.742216110229492,23.920000076293945,24.09000015258789,23.75,23.985000610351562,2238800
2003-01-17,11.671036720275879,23.774999618530273,24.030000686645508,23.729999542236328,23.875,1984800
2003-01-21,11.536035537719727,23.5,23.90999984741211,23.469999313354492,23.735000610351562,2045800
2003-01-22,11.486949920654297,23.399999618530273,23.725000381469727,23.364999771118164,23.5,3441200
2003-01-23,11.430498123168945,23.28499984741211,23.524999618530273,23.274999618530273,23.489999771118164,2339400
2003-01-24,11.290596008300781,23.0,23.434999465942383,22.985000610351562,23.299999237060547,2090000
2003-01-27,11.160507202148438,22.735000610351562,22.895000457763672,22.40999984741211,22.774999618530273,4343600
2003-01-28,11.229228973388672,22.875,22.979999542236328,22.655000686645508,22.735000610351562,2260000
2003-01-29,10.971508979797363,22.350000381469727,22.549999237060547,22.25,22.524999618530273,8316000
2003-01-30,10.838969230651855,22.079999923706055,22.424999237060547,22.06999969482422,22.350000381469727,4149000
2003-01-31,11.027966499328613,22.46500015258789,22.46500015258789,21.969999313354492,22.0,4374600
2003-02-03,11.050056457519531,22.510000228881836,22.520000457763672,22.309999465942383,22.5,2491400
2003-02-04,10.93224048614502,22.270000457763672,22.475000381469727,22.145000457763672,22.389999389648438,3991200
2003-02-05,10.951875686645508,22.309999465942383,22.584999084472656,22.219999313354492,22.274999618530273,2486600
2003-02-06,10.848786354064941,22.100000381469727,22.295000076293945,22.0049991607666,22.209999084472656,3094400
2003-02-07,10.900328636169434,22.204999923706055,22.28499984741211,22.030000686645508,22.21500015258789,1722200
2003-02-10,11.00096321105957,22.40999984741211,22.489999771118164,22.135000228881836,22.299999237060547,1983000
2003-02-11,10.861063003540039,22.125,22.540000915527344,22.110000610351562,22.469999313354492,3317800
2003-02-12,10.824243545532227,22.049999237060547,22.350000381469727,22.0049991607666,22.149999618530273,2221400
2003-02-13,10.836509704589844,22.075000762939453,22.2549991607666,21.829999923706055,22.049999237060547,2698200
2003-02-14,11.11141586303711,22.635000228881836,22.71500015258789,22.3799991607666,22.424999237060547,4711800
2003-02-18,11.081958770751953,22.575000762939453,22.850000381469727,22.5,22.639999389648438,3267800
2003-02-19,11.06723690032959,22.545000076293945,22.625,22.415000915527344,22.610000610351562,2655600
2003-02-20,10.738333702087402,21.875,22.549999237060547,21.875,22.549999237060547,5311200
2003-02-21,10.814423561096191,22.030000686645508,22.084999084472656,21.770000457763672,21.8799991607666,3443000
2003-02-24,10.662246704101562,21.719999313354492,21.94499969482422,21.68000030517578,21.899999618530273,2480400
2003-02-25,10.794784545898438,21.989999771118164,22.0,21.415000915527344,21.600000381469727,4153000
2003-02-26,10.701519012451172,21.799999237060547,21.950000762939453,21.450000762939453,21.950000762939453,5745800
2003-02-27,10.5787935256958,21.549999237060547,21.889999389648438,21.434999465942383,21.875,5194800
2003-02-28,10.522342681884766,21.434999465942383,21.725000381469727,21.30500030517578,21.520000457763672,3421600
2003-03-03,10.603338241577148,21.600000381469727,21.725000381469727,21.530000686645508,21.65999984741211,3630600
2003-03-04,10.345616340637207,21.075000762939453,21.690000534057617,21.024999618530273,21.690000534057617,3451200
2003-03-05,10.37998104095459,21.145000457763672,21.145000457763672,20.78499984741211,21.0,3402800
2003-03-06,10.296531677246094,20.975000381469727,21.280000686645508,20.875,21.200000762939453,3287600
2003-03-07,10.357892990112305,21.100000381469727,21.155000686645508,20.71500015258789,20.799999237060547,3421400
2003-03-10,10.267075538635254,20.915000915527344,21.174999237060547,20.8700008392334,21.024999618530273,3015200
2003-03-11,10.375070571899414,21.135000228881836,21.44499969482422,20.950000762939453,20.989999771118164,3016200
2003-03-12,10.480616569519043,21.350000381469727,21.395000457763672,21.06999969482422,21.114999771118164,3281200
2003-03-13,10.637703895568848,21.670000076293945,21.690000534057617,21.440000534057617,21.5,2449200
2003-03-14,10.647520065307617,21.690000534057617,21.790000915527344,21.55500030517578,21.725000381469727,3194600
2003-03-17,10.944510459899902,22.295000076293945,22.420000076293945,21.68000030517578,21.684999465942383,3701000
2003-03-18,11.01568603515625,22.440000534057617,22.489999771118164,22.0,22.40999984741211,4760000
2003-03-19,11.027966499328613,22.46500015258789,22.614999771118164,22.155000686645508,22.424999237060547,5804600
2003-03-20,11.069689750671387,22.549999237060547,22.56999969482422,22.34000015258789,22.46500015258789,3197800
2003-03-21,11.467313766479492,23.360000610351562,23.364999771118164,22.875,22.950000762939453,7487000
2003-03-24,11.295499801635742,23.010000228881836,23.21500015258789,22.860000610351562,23.209999084472656,4869200
2003-03-25,11.457496643066406,23.34000015258789,23.450000762939453,22.985000610351562,22.985000610351562,3617200
2003-03-26,11.371588706970215,23.165000915527344,23.424999237060547,23.094999313354492,23.299999237060547,3359200
2003-03-27,11.381409645080566,23.184999465942383,23.395000457763672,22.469999313354492,23.100000381469727,3360400
2003-03-28,11.302865028381348,23.024999618530273,23.19499969482422,22.760000228881836,23.184999465942383,2448800
2003-03-31,11.180137634277344,22.774999618530273,22.969999313354492,22.584999084472656,22.875,2829400
2003-04-01,11.231680870056152,22.8799991607666,22.899999618530273,22.524999618530273,22.799999237060547,2819600
2003-04-02,11.405950546264648,23.235000610351562,23.325000762939453,22.8799991607666,23.024999618530273,2740000
2003-04-03,11.24640941619873,22.90999984741211,23.235000610351562,22.625,23.235000610351562,5328200
2003-04-04,11.25377368927002,22.924999237060547,23.049999237060547,22.7549991607666,22.90999984741211,2512600
2003-04-07,11.212044715881348,22.84000015258789,23.25,22.790000915527344,23.100000381469727,2974000
2003-04-08,11.309593200683594,22.899999618530273,23.0,22.639999389648438,22.665000915527344,2219800
2003-04-09,11.277481079101562,22.834999084472656,23.149999618530273,22.635000228881836,22.975000381469727,4125400
2003-04-10,11.193523406982422,22.665000915527344,22.975000381469727,22.5,22.950000762939453,3278600
2003-04-11,11.186120986938477,22.649999618530273,22.950000762939453,22.565000534057617,22.875,2975600
2003-04-14,11.378725051879883,23.040000915527344,23.05500030517578,22.770000457763672,22.799999237060547,2361000
2003-04-15,11.257732391357422,22.795000076293945,22.9950008392334,22.565000534057617,22.975000381469727,2559400
2003-04-16,11.099690437316895,22.475000381469727,22.8700008392334,22.399999618530273,22.850000381469727,2498000
2003-04-17,11.26760482788086,22.815000534057617,22.844999313354492,22.5,22.5,2350000
2003-04-21,11.210813522338867,22.700000762939453,22.895000457763672,22.614999771118164,22.850000381469727,1897600
2003-04-22,11.272547721862793,22.825000762939453,22.90999984741211,22.514999389648438,22.655000686645508,3283000
2003-04-23,11.22068977355957,22.719999313354492,22.799999237060547,22.600000381469727,22.700000762939453,2613200
2003-04-24,11.141674041748047,22.559999465942383,22.719999313354492,22.40999984741211,22.719999313354492,3479400
2003-04-25,11.124387741088867,22.524999618530273,22.790000915527344,22.469999313354492,22.575000762939453,3522800
2003-04-28,11.176238059997559,22.6299991607666,22.725000381469727,22.549999237060547,22.71500015258789,2074600
2003-04-29,11.186120986938477,22.649999618530273,22.799999237060547,22.475000381469727,22.575000762939453,3565200
2003-04-30,11.139206886291504,22.55500030517578,22.75,22.415000915527344,22.524999618530273,3709000
2003-05-01,11.062647819519043,22.399999618530273,22.6200008392334,22.010000228881836,22.610000610351562,3774800
2003-05-02,10.993515014648438,22.260000228881836,22.31999969482422,22.049999237060547,22.225000381469727,4113000
2003-05-05,10.926844596862793,22.125,22.375,22.024999618530273,22.325000762939453,3322200
2003-05-06,11.008331298828125,22.290000915527344,22.600000381469727,22.075000762939453,22.165000915527344,4303400
2003-05-07,11.037958145141602,22.350000381469727,22.399999618530273,22.19499969482422,22.225000381469727,3119400
2003-05-08,11.052778244018555,22.3799991607666,22.520000457763672,21.674999237060547,21.674999237060547,5150200
2003-05-09,11.242915153503418,22.764999389648438,22.764999389648438,22.375,22.399999618530273,3192000
2003-05-12,11.34909725189209,22.979999542236328,23.040000915527344,22.645000457763672,22.739999771118164,2339800
2003-05-13,11.26266860961914,22.80500030517578,22.979999542236328,22.709999084472656,22.96500015258789,2441800
2003-05-14,11.28983211517334,22.860000610351562,23.0,22.7450008392334,22.924999237060547,2722000
2003-05-15,11.21822452545166,22.71500015258789,22.959999084472656,22.600000381469727,22.899999618530273,2868200
2003-05-16,11.074997901916504,22.424999237060547,22.700000762939453,22.424999237060547,22.600000381469727,2879200
2003-05-19,11.092281341552734,22.459999084472656,22.579999923706055,22.395000457763672,22.43000030517578,1933600
2003-05-20,11.183653831481934,22.645000457763672,22.75,22.424999237060547,22.5,2424200
2003-05-21,11.237974166870117,22.7549991607666,22.875,22.454999923706055,22.594999313354492,2274200
2003-05-22,11.425641059875488,23.135000228881836,23.21500015258789,22.65999984741211,22.674999237060547,3037800
2003-05-23,11.497258186340332,23.280000686645508,23.3799991607666,22.774999618530273,23.125,3004800
2003-05-27,11.445403099060059,23.174999237060547,23.325000762939453,23.075000762939453,23.229999542236328,2892600
2003-05-28,11.3886079788208,23.059999465942383,23.200000762939453,22.96500015258789,23.100000381469727,2543600
2003-05-29,11.378725051879883,23.040000915527344,23.100000381469727,22.565000534057617,22.565000534057617,2963000
2003-05-30,11.551590919494629,23.389999389648438,23.389999389648438,22.969999313354492,23.100000381469727,3719000
2003-06-02,11.620726585388184,23.530000686645508,23.575000762939453,23.375,23.450000762939453,2672400
2003-06-03,11.712090492248535,23.71500015258789,23.7450008392334,23.540000915527344,23.600000381469727,2180600
2003-06-04,11.74172306060791,23.774999618530273,23.950000762939453,23.649999618530273,23.735000610351562,2422600
2003-06-05,11.813333511352539,23.920000076293945,23.950000762939453,23.700000762939453,23.71500015258789,2291000
2003-06-06,11.855313301086426,24.0049991607666,24.09000015258789,23.854999542236328,24.0,3953400
2003-06-09,11.771353721618652,23.834999084472656,23.989999771118164,23.780000686645508,23.825000762939453,2682800
2003-06-10,11.717039108276367,23.725000381469727,23.834999084472656,23.610000610351562,23.799999237060547,2888400
2003-06-11,11.840495109558105,23.975000381469727,23.975000381469727,23.65999984741211,23.75,1943800
2003-06-12,11.907172203063965,24.110000610351562,24.110000610351562,23.700000762939453,23.975000381469727,2767800
2003-06-13,12.025703430175781,24.350000381469727,24.40999984741211,24.0,24.0,2894800
2003-06-16,12.2627534866333,24.829999923706055,24.829999923706055,24.3799991607666,24.3799991607666,3213200
2003-06-17,12.210893630981445,24.725000381469727,24.829999923706055,24.540000915527344,24.7450008392334,2606600
2003-06-18,12.141754150390625,24.584999084472656,24.75,24.450000762939453,24.475000381469727,3345600
2003-06-19,11.872596740722656,24.040000915527344,24.415000915527344,23.985000610351562,24.375,6081000
2003-06-20,11.729373931884766,23.75,24.065000534057617,23.700000762939453,24.045000076293945,8022000
2003-06-23,11.875066757202148,24.045000076293945,24.065000534057617,23.604999542236328,23.700000762939453,4480000
2003-06-24,11.761476516723633,23.815000534057617,24.149999618530273,23.75,24.045000076293945,3325600
2003-06-25,11.803455352783203,23.899999618530273,24.2450008392334,23.450000762939453,23.815000534057617,5785200
2003-06-26,11.786173820495605,23.864999771118164,24.309999465942383,23.709999084472656,24.049999237060547,2518800
2003-06-27,11.73184585571289,23.7549991607666,24.024999618530273,23.579999923706055,23.825000762939453,2629200
2003-06-30,11.707146644592285,23.704999923706055,23.875,23.520000457763672,23.850000381469727,3616200
2003-07-01,11.803455352783203,23.899999618530273,23.985000610351562,23.375,23.704999923706055,2516000
2003-07-02,11.754066467285156,23.799999237060547,24.014999389648438,23.700000762939453,24.014999389648438,2714800
2003-07-03,11.709619522094727,23.709999084472656,23.854999542236328,23.55500030517578,23.825000762939453,969200
2003-07-07,11.77875804901123,23.850000381469727,23.889999389648438,23.645000457763672,23.674999237060547,3146000
2003-07-08,11.698047637939453,23.549999237060547,23.809999465942383,23.40999984741211,23.75,5458400
2003-07-09,11.698047637939453,23.549999237060547,23.825000762939453,23.475000381469727,23.600000381469727,3752800
2003-07-10,11.819747924804688,23.795000076293945,23.829999923706055,23.40999984741211,23.549999237060547,3256200
2003-07-11,12.078048706054688,24.315000534057617,24.389999389648438,23.75,23.799999237060547,4193200
2003-07-14,11.956339836120605,24.06999969482422,24.399999618530273,24.049999237060547,24.329999923706055,4674800
2003-07-15,11.986149787902832,24.1299991607666,24.219999313354492,23.920000076293945,24.219999313354492,2362800
2003-07-16,11.948893547058105,24.05500030517578,24.174999237060547,23.829999923706055,24.149999618530273,3602400
2003-07-17,11.809808731079102,23.774999618530273,23.924999237060547,23.700000762939453,23.799999237060547,5685600
2003-07-18,11.78746223449707,23.729999542236328,23.899999618530273,23.594999313354492,23.899999618530273,2446800
2003-07-21,11.593729972839355,23.34000015258789,23.729999542236328,23.270000457763672,23.729999542236328,3800200
2003-07-22,11.690596580505371,23.53499984741211,23.610000610351562,23.299999237060547,23.375,2966200
2003-07-23,11.740266799926758,23.635000228881836,23.684999465942383,23.424999237060547,23.450000762939453,2177800
2003-07-24,11.613604545593262,23.3799991607666,23.735000610351562,23.375,23.625,1975400
2003-07-25,11.755167961120605,23.665000915527344,23.700000762939453,23.3700008392334,23.3799991607666,1474800
2003-07-28,11.683144569396973,23.520000457763672,23.69499969482422,23.43000030517578,23.625,2220600
2003-07-29,11.462098121643066,23.075000762939453,23.520000457763672,23.024999618530273,23.520000457763672,3321600
2003-07-30,11.501839637756348,23.155000686645508,23.184999465942383,22.950000762939453,23.075000762939453,3332000
2003-07-31,11.39255428314209,22.934999465942383,23.280000686645508,22.905000686645508,23.280000686645508,3103000
2003-08-01,11.340398788452148,22.829999923706055,23.049999237060547,22.75,23.049999237060547,3155200
2003-08-04,11.345359802246094,22.84000015258789,22.885000228881836,22.655000686645508,22.829999923706055,2046600
2003-08-05,11.273341178894043,22.69499969482422,22.93000030517578,22.65999984741211,22.84000015258789,2274600
2003-08-06,11.300653457641602,22.75,22.920000076293945,22.670000076293945,22.75,1776800
2003-08-07,11.350333213806152,22.850000381469727,22.864999771118164,22.55500030517578,22.81999969482422,1758800
2003-08-08,11.45712947845459,23.065000534057617,23.149999618530273,22.829999923706055,22.850000381469727,1809600
2003-08-11,11.46706485748291,23.084999084472656,23.149999618530273,23.040000915527344,23.040000915527344,1310400
2003-08-12,11.511771202087402,23.174999237060547,23.200000762939453,22.90999984741211,23.125,1575600
2003-08-13,11.501839637756348,23.155000686645508,23.2450008392334,22.84000015258789,23.209999084472656,2827400
2003-08-14,11.598698616027832,23.350000381469727,23.354999542236328,23.06999969482422,23.135000228881836,1496400
2003-08-15,11.606154441833496,23.364999771118164,23.375,23.125,23.350000381469727,704400
2003-08-18,11.54902172088623,23.25,23.434999465942383,23.219999313354492,23.375,1024600
2003-08-19,11.454645156860352,23.059999465942383,23.239999771118164,22.764999389648438,23.239999771118164,3290000
2003-08-20,11.459612846374512,23.06999969482422,23.235000610351562,22.950000762939453,23.0,1368600
2003-08-21,11.499351501464844,23.149999618530273,23.219999313354492,23.0049991607666,23.149999618530273,1672400
2003-08-22,11.486929893493652,23.125,23.295000076293945,23.09000015258789,23.15999984741211,1665800
2003-08-25,11.494382858276367,23.139999389648438,23.25,23.045000076293945,23.190000534057617,1556600
2003-08-26,11.491894721984863,23.135000228881836,23.15999984741211,22.790000915527344,23.030000686645508,2472400
2003-08-27,11.491894721984863,23.135000228881836,23.135000228881836,22.94499969482422,23.135000228881836,1406400
2003-08-28,11.534122467041016,23.219999313354492,23.229999542236328,22.94499969482422,23.135000228881836,1561000
2003-08-29,11.514254570007324,23.18000030517578,23.25,22.950000762939453,23.219999313354492,1393200
2003-09-02,11.616079330444336,23.385000228881836,23.434999465942383,22.96500015258789,23.170000076293945,2269400
2003-09-03,11.6558198928833,23.46500015258789,23.46500015258789,23.145000457763672,23.325000762939453,3493400
2003-09-04,11.64091968536377,23.434999465942383,23.56999969482422,23.299999237060547,23.5,2854200
2003-09-05,11.581315040588379,23.315000534057617,23.450000762939453,23.2549991607666,23.360000610351562,2960000
2003-09-08,11.623533248901367,23.399999618530273,23.450000762939453,23.299999237060547,23.350000381469727,2311800
2003-09-09,11.735301971435547,23.625,23.665000915527344,23.299999237060547,23.475000381469727,2951200
2003-09-10,11.680658340454102,23.514999389648438,23.790000915527344,23.485000610351562,23.625,3143600
2003-09-11,11.732817649841309,23.6200008392334,23.625,23.5,23.625,2343600
2003-09-12,11.725363731384277,23.604999542236328,23.6299991607666,23.424999237060547,23.6200008392334,1782800
2003-09-15,11.698047637939453,23.549999237060547,23.645000457763672,23.454999923706055,23.6299991607666,2099000
2003-09-16,11.854516983032227,23.864999771118164,23.864999771118164,23.424999237060547,23.575000762939453,3385400
2003-09-17,11.740266799926758,23.635000228881836,23.860000610351562,23.575000762939453,23.739999771118164,2122800
2003-09-18,11.762622833251953,23.68000030517578,23.7549991607666,23.55500030517578,23.575000762939453,1882000
2003-09-19,11.707977294921875,23.56999969482422,23.719999313354492,23.5,23.674999237060547,2551000
2003-09-22,11.658304214477539,23.469999313354492,23.524999618530273,23.385000228881836,23.459999084472656,1892200
2003-09-23,11.79738712310791,23.75,23.7549991607666,23.475000381469727,23.475000381469727,2455800
2003-09-24,11.772555351257324,23.700000762939453,23.844999313354492,23.575000762939453,23.75,1978600
2003-09-25,11.737785339355469,23.6299991607666,23.829999923706055,23.6299991607666,23.700000762939453,1795000
2003-09-26,11.650853157043457,23.454999923706055,23.725000381469727,23.454999923706055,23.6299991607666,1609000
2003-09-29,11.56392765045166,23.280000686645508,23.5049991607666,23.174999237060547,23.5049991607666,4624600
2003-09-30,11.690596580505371,23.53499984741211,23.579999923706055,23.25,23.299999237060547,2844600
2003-10-01,11.822223663330078,23.799999237060547,23.799999237060547,23.4950008392334,23.520000457763672,3404600
2003-10-02,11.722878456115723,23.600000381469727,23.7549991607666,23.399999618530273,23.75,3562600
2003-10-03,11.685628890991211,23.524999618530273,23.795000076293945,23.475000381469727,23.774999618530273,2195400
2003-10-06,11.621048927307129,23.395000457763672,23.579999923706055,23.225000381469727,23.524999618530273,2499200
2003-10-07,11.54902172088623,23.25,23.315000534057617,23.079999923706055,23.28499984741211,3810200
2003-10-08,11.517788887023926,23.049999237060547,23.209999084472656,22.90999984741211,23.049999237060547,3143800
2003-10-09,11.330411911010742,22.674999237060547,23.049999237060547,22.549999237060547,23.049999237060547,6994600
2003-10-10,11.302931785583496,22.6200008392334,22.719999313354492,22.364999771118164,22.709999084472656,4624000
2003-10-13,11.235469818115234,22.485000610351562,22.690000534057617,22.46500015258789,22.6200008392334,1981000
2003-10-14,11.210484504699707,22.434999465942383,22.540000915527344,22.045000076293945,22.540000915527344,5236600
2003-10-15,11.1954927444458,22.405000686645508,22.5,22.235000610351562,22.440000534057617,3175800
2003-10-16,11.175511360168457,22.364999771118164,22.5049991607666,21.875,22.0,5807400
2003-10-17,11.175511360168457,22.364999771118164,22.46500015258789,22.260000228881836,22.364999771118164,3494000
2003-10-20,11.073077201843262,22.15999984741211,22.354999542236328,21.979999542236328,22.350000381469727,3322200
2003-10-21,11.118042945861816,22.25,22.354999542236328,22.125,22.15999984741211,3136200
2003-10-22,11.110550880432129,22.235000610351562,22.260000228881836,22.094999313354492,22.239999771118164,2442000
2003-10-23,11.053086280822754,22.1200008392334,22.280000686645508,22.014999389648438,22.235000610351562,3181200
2003-10-24,10.990625381469727,21.9950008392334,22.104999542236328,21.950000762939453,22.104999542236328,2155200
2003-10-27,11.02060317993164,22.05500030517578,22.200000762939453,22.0049991607666,22.200000762939453,1858600
2003-10-28,11.29293155670166,22.600000381469727,22.600000381469727,22.3700008392334,22.434999465942383,5107600
2003-10-29,11.245464324951172,22.5049991607666,22.950000762939453,22.399999618530273,22.514999389648438,2875600
2003-10-30,11.305424690246582,22.625,22.68000030517578,22.5,22.530000686645508,2408000
2003-10-31,11.205489158630371,22.424999237060547,22.649999618530273,22.385000228881836,22.625,3194400
2003-11-03,11.280441284179688,22.575000762939453,22.645000457763672,22.489999771118164,22.575000762939453,2396800
2003-11-04,11.18549919128418,22.385000228881836,22.649999618530273,22.31999969482422,22.610000610351562,2683200
2003-11-05,11.068076133728027,22.149999618530273,22.44499969482422,22.014999389648438,22.274999618530273,6031000
2003-11-06,11.045588493347168,22.104999542236328,22.235000610351562,21.975000381469727,22.200000762939453,3341000
2003-11-07,11.063076972961426,22.139999389648438,22.329999923706055,22.065000534057617,22.165000915527344,2405600
2003-11-10,10.998114585876465,22.010000228881836,22.235000610351562,21.934999465942383,22.184999465942383,2629600
2003-11-11,10.958146095275879,21.93000030517578,22.065000534057617,21.899999618530273,22.010000228881836,3014000
2003-11-12,11.055584907531738,22.125,22.200000762939453,21.8799991607666,21.979999542236328,2707400
2003-11-13,11.247964859008789,22.510000228881836,22.510000228881836,22.125,22.15999984741211,2961400
2003-11-14,11.183003425598145,22.3799991607666,22.639999389648438,22.350000381469727,22.5,2296000
2003-11-17,11.322915077209473,22.65999984741211,22.670000076293945,22.440000534057617,22.450000762939453,2781400
2003-11-18,11.1205415725708,22.2549991607666,22.670000076293945,22.25,22.65999984741211,2624800
2003-11-19,11.183003425598145,22.3799991607666,22.415000915527344,22.15999984741211,22.190000534057617,1526800
2003-11-20,11.06058406829834,22.135000228881836,22.375,22.135000228881836,22.299999237060547,1820000
2003-11-21,11.100555419921875,22.21500015258789,22.350000381469727,22.155000686645508,22.350000381469727,1892600
2003-11-24,11.220481872558594,22.454999923706055,22.540000915527344,22.299999237060547,22.34000015258789,1549200
2003-11-25,11.260453224182129,22.53499984741211,22.639999389648438,22.350000381469727,22.450000762939453,2064800
2003-11-26,11.31541919708252,22.645000457763672,22.674999237060547,22.5049991607666,22.600000381469727,1182800
2003-11-28,11.245464324951172,22.5049991607666,22.545000076293945,22.450000762939453,22.524999618530273,904200
2003-12-01,11.340407371520996,22.69499969482422,22.69499969482422,22.4950008392334,22.5,1889600
2003-12-02,11.355392456054688,22.725000381469727,22.739999771118164,22.575000762939453,22.69499969482422,2576400
2003-12-03,11.470325469970703,22.954999923706055,23.0049991607666,22.719999313354492,22.760000228881836,2675200
2003-12-04,11.450336456298828,22.915000915527344,22.950000762939453,22.799999237060547,22.875,1244600
2003-12-05,11.467823028564453,22.950000762939453,23.075000762939453,22.829999923706055,22.875,1551200
2003-12-08,11.507804870605469,23.030000686645508,23.09000015258789,22.774999618530273,22.875,1592000
2003-12-09,11.467823028564453,22.950000762939453,23.114999771118164,22.920000076293945,23.114999771118164,1900200
2003-12-10,11.462823867797852,22.940000534057617,23.024999618530273,22.795000076293945,22.950000762939453,1344200
2003-12-11,11.507804870605469,23.030000686645508,23.06999969482422,22.940000534057617,22.940000534057617,1334600
2003-12-12,11.442839622497559,22.899999618530273,23.0,22.799999237060547,22.975000381469727,2353200
2003-12-15,11.550277709960938,23.114999771118164,23.225000381469727,22.8799991607666,23.0,2879000
2003-12-16,11.762632369995117,23.540000915527344,23.600000381469727,23.075000762939453,23.114999771118164,4172800
2003-12-17,11.330411911010742,22.674999237060547,23.709999084472656,22.440000534057617,23.450000762939453,11024400
2003-12-18,11.300430297851562,22.614999771118164,23.045000076293945,22.5049991607666,22.700000762939453,8681800
2003-12-19,11.247964859008789,22.510000228881836,22.625,22.389999389648438,22.614999771118164,6658800
2003-12-22,11.29293155670166,22.600000381469727,22.78499984741211,22.5049991607666,22.510000228881836,4850400
2003-12-23,11.08056354522705,22.174999237060547,22.690000534057617,22.170000076293945,22.59000015258789,4925400
2003-12-24,11.252958297729492,22.520000457763672,22.700000762939453,22.25,22.25,2211200
2003-12-26,11.27794075012207,22.56999969482422,22.6200008392334,22.450000762939453,22.4950008392334,927800
2003-12-29,11.347900390625,22.709999084472656,22.709999084472656,22.46500015258789,22.625,3066400
2003-12-30,11.382882118225098,22.780000686645508,22.850000381469727,22.579999923706055,22.600000381469727,2926200
2003-12-31,11.317916870117188,22.649999618530273,22.915000915527344,22.549999237060547,22.834999084472656,2929200
2004-01-02,11.245464324951172,22.5049991607666,22.899999618530273,22.475000381469727,22.75,2471800
2004-01-05,11.430353164672852,22.875,22.950000762939453,22.600000381469727,22.799999237060547,4638600
2004-01-06,11.36788272857666,22.75,22.860000610351562,22.670000076293945,22.774999618530273,2636400
2004-01-07,11.332905769348145,22.68000030517578,22.770000457763672,22.565000534057617,22.75,3856800
2004-01-08,11.42465591430664,22.725000381469727,22.799999237060547,22.625,22.635000228881836,2250800
2004-01-09,11.462363243103027,22.799999237060547,22.854999542236328,22.670000076293945,22.700000762939453,3268600
2004-01-12,11.437223434448242,22.75,22.875,22.6200008392334,22.690000534057617,3313400
2004-01-13,11.331650733947754,22.540000915527344,22.780000686645508,22.475000381469727,22.75,2207800
2004-01-14,11.386951446533203,22.649999618530273,22.719999313354492,22.479999542236328,22.540000915527344,1691200
2004-01-15,11.349247932434082,22.575000762939453,22.674999237060547,22.5,22.649999618530273,2525200
2004-01-16,11.422142028808594,22.719999313354492,22.774999618530273,22.600000381469727,22.674999237060547,2808000
2004-01-20,11.545320510864258,22.96500015258789,22.979999542236328,22.700000762939453,22.700000762939453,3209400
2004-01-21,11.525198936462402,22.924999237060547,23.0,22.665000915527344,22.96500015258789,3521600
2004-01-22,11.432199478149414,22.739999771118164,22.924999237060547,22.69499969482422,22.924999237060547,2298800
2004-01-23,11.487497329711914,22.850000381469727,22.94499969482422,22.75,22.825000762939453,3709600
2004-01-26,11.588043212890625,23.049999237060547,23.104999542236328,22.850000381469727,22.889999389648438,2849200
2004-01-27,11.550346374511719,22.975000381469727,23.0049991607666,22.829999923706055,22.979999542236328,4157600
2004-01-28,11.50007438659668,22.875,23.149999618530273,22.80500030517578,22.924999237060547,4326600
2004-01-29,11.56291389465332,23.0,23.075000762939453,22.899999618530273,23.0,2675000
2004-01-30,11.419634819030762,22.71500015258789,22.950000762939453,22.674999237060547,22.90999984741211,4264600
2004-02-02,11.432199478149414,22.739999771118164,22.975000381469727,22.59000015258789,22.674999237060547,2935200
2004-02-03,11.474930763244629,22.825000762939453,22.940000534057617,22.774999618530273,22.940000534057617,1917400
2004-02-04,11.288921356201172,22.454999923706055,22.55500030517578,22.21500015258789,22.364999771118164,7514000
2004-02-05,11.281373977661133,22.440000534057617,22.610000610351562,22.290000915527344,22.424999237060547,6024600
2004-02-06,11.311548233032227,22.5,22.600000381469727,22.424999237060547,22.46500015258789,5551400
2004-02-09,11.291425704956055,22.459999084472656,22.69499969482422,22.299999237060547,22.69499969482422,3465800
2004-02-10,11.326628684997559,22.530000686645508,22.575000762939453,22.375,22.40999984741211,3666800
2004-02-11,11.309032440185547,22.4950008392334,22.625,22.415000915527344,22.485000610351562,4117800
2004-02-12,11.291425704956055,22.459999084472656,22.55500030517578,22.375,22.489999771118164,2655000
2004-02-13,11.271322250366211,22.420000076293945,22.549999237060547,22.354999542236328,22.454999923706055,3418400
2004-02-17,11.283892631530762,22.44499969482422,22.485000610351562,22.125,22.475000381469727,6552400
2004-02-18,11.236130714416504,22.350000381469727,22.469999313354492,22.219999313354492,22.274999618530273,4235000
2004-02-19,11.311548233032227,22.5,22.69499969482422,22.209999084472656,22.375,3838000
2004-02-20,11.334169387817383,22.545000076293945,22.625,22.450000762939453,22.625,2884200
2004-02-23,11.444768905639648,22.764999389648438,22.80500030517578,22.5,22.545000076293945,3831600
2004-02-24,11.512636184692383,22.899999618530273,22.934999465942383,22.594999313354492,22.75,4475800
2004-02-25,11.527714729309082,22.93000030517578,22.989999771118164,22.700000762939453,22.809999465942383,2928200
2004-02-26,11.525198936462402,22.924999237060547,23.0049991607666,22.799999237060547,22.934999465942383,2749600
2004-02-27,11.55788516998291,22.989999771118164,23.0,22.8700008392334,22.90999984741211,2618400
2004-03-01,11.862039566040039,23.594999313354492,23.700000762939453,23.25,23.5,6376600
2004-03-02,11.824329376220703,23.520000457763672,23.56999969482422,23.25,23.25,4295200
2004-03-03,11.857012748718262,23.584999084472656,23.584999084472656,23.389999389648438,23.40999984741211,2370400
2004-03-04,11.814276695251465,23.5,23.584999084472656,23.389999389648438,23.584999084472656,1737400
2004-03-05,11.965100288391113,23.799999237060547,23.799999237060547,23.399999618530273,23.5,3370000
2004-03-08,11.917336463928223,23.704999923706055,23.8799991607666,23.614999771118164,23.75,2401400
2004-03-09,11.960071563720703,23.790000915527344,23.81999969482422,23.600000381469727,23.6299991607666,1814600
2004-03-10,11.982693672180176,23.834999084472656,24.0,23.7450008392334,23.790000915527344,3914600
2004-03-11,11.796680450439453,23.46500015258789,23.829999923706055,23.375,23.829999923706055,3376600
2004-03-12,11.753949165344238,23.3799991607666,23.46500015258789,23.204999923706055,23.46500015258789,4909800
2004-03-15,11.650886535644531,23.174999237060547,23.3799991607666,23.125,23.3799991607666,2734000
2004-03-16,11.600618362426758,23.075000762939453,23.30500030517578,22.875,23.024999618530273,6310600
2004-03-17,11.688593864440918,23.25,23.3700008392334,23.155000686645508,23.229999542236328,3219800
2004-03-18,11.711216926574707,23.295000076293945,23.479999542236328,23.149999618530273,23.25,2211800
2004-03-19,11.56291389465332,23.0,23.344999313354492,23.0,23.25,4346400
2004-03-22,11.665971755981445,23.204999923706055,23.364999771118164,22.899999618530273,22.950000762939453,3293600
2004-03-23,11.650886535644531,23.174999237060547,23.350000381469727,23.155000686645508,23.190000534057617,2558600
2004-03-24,11.665971755981445,23.204999923706055,23.25,23.049999237060547,23.149999618530273,2881800
2004-03-25,11.683566093444824,23.239999771118164,23.350000381469727,22.8799991607666,23.25,2758200
2004-03-26,11.512636184692383,22.899999618530273,23.264999389648438,22.8799991607666,23.260000228881836,2057600
2004-03-29,11.688593864440918,23.25,23.25,22.975000381469727,22.985000610351562,1482800
2004-03-30,11.701165199279785,23.274999618530273,23.290000915527344,23.1299991607666,23.25,1855400
2004-03-31,11.733843803405762,23.34000015258789,23.3700008392334,23.059999465942383,23.270000457763672,1340600
2004-04-01,11.794170379638672,23.459999084472656,23.649999618530273,23.174999237060547,23.34000015258789,2731400
2004-04-02,11.751435279846191,23.375,23.549999237060547,23.34000015258789,23.510000228881836,2569400
2004-04-05,11.728816986083984,23.329999923706055,23.375,23.209999084472656,23.334999084472656,1501800
2004-04-06,11.769035339355469,23.40999984741211,23.475000381469727,23.299999237060547,23.329999923706055,3182400
2004-04-07,11.8082275390625,23.350000381469727,23.479999542236328,23.295000076293945,23.329999923706055,3080000
2004-04-08,11.729839324951172,23.19499969482422,23.375,23.100000381469727,23.375,2132000
2004-04-12,11.69697093963623,23.1299991607666,23.25,23.049999237060547,23.25,1540600
2004-04-13,11.621116638183594,22.979999542236328,23.2549991607666,22.94499969482422,23.15999984741211,3041400
2004-04-14,11.722253799438477,23.18000030517578,23.204999923706055,22.905000686645508,22.979999542236328,2562200
2004-04-15,11.836036682128906,23.405000686645508,23.479999542236328,23.135000228881836,23.18000030517578,1906400
2004-04-16,11.93718147277832,23.604999542236328,23.700000762939453,23.399999618530273,23.700000762939453,2282400
2004-04-19,11.977636337280273,23.684999465942383,23.770000457763672,23.3799991607666,23.520000457763672,3538400
2004-04-20,11.914429664611816,23.559999465942383,23.719999313354492,23.549999237060547,23.690000534057617,3739600
2004-04-21,11.906834602355957,23.545000076293945,23.649999618530273,23.43000030517578,23.5,2544000
2004-04-22,12.116701126098633,23.959999084472656,23.9950008392334,23.450000762939453,23.475000381469727,3832800
2004-04-23,12.207727432250977,24.139999389648438,24.139999389648438,23.774999618530273,23.959999084472656,2954600
2004-04-26,12.22037124633789,24.165000915527344,24.18000030517578,24.0049991607666,24.09000015258789,2654600
2004-04-27,12.207727432250977,24.139999389648438,24.350000381469727,24.114999771118164,24.21500015258789,3073200
2004-04-28,12.164751052856445,24.05500030517578,24.174999237060547,24.0049991607666,24.110000610351562,2258400
2004-04-29,12.265884399414062,24.2549991607666,24.30500030517578,24.05500030517578,24.05500030517578,2941400
2004-04-30,12.326565742492676,24.375,24.514999389648438,24.25,24.325000762939453,4661400
2004-05-03,12.422654151916504,24.565000534057617,24.584999084472656,24.299999237060547,24.440000534057617,2587400
2004-05-04,12.283586502075195,24.290000915527344,24.424999237060547,24.209999084472656,24.424999237060547,2447600
2004-05-05,12.22037124633789,24.165000915527344,24.299999237060547,24.06999969482422,24.239999771118164,2186800
2004-05-06,12.101532936096191,23.93000030517578,23.959999084472656,23.584999084472656,23.75,5483200
2004-05-07,12.048437118530273,23.825000762939453,24.0049991607666,23.760000228881836,23.790000915527344,2659800
2004-05-10,11.871439933776855,23.475000381469727,23.875,23.450000762939453,23.709999084472656,3070600
2004-05-11,11.813282012939453,23.360000610351562,23.614999771118164,23.25,23.475000381469727,3449000
2004-05-12,11.79052448272705,23.315000534057617,23.424999237060547,23.15999984741211,23.424999237060547,2819200
2004-05-13,11.595823287963867,22.93000030517578,23.420000076293945,22.799999237060547,23.34000015258789,4696000
2004-05-14,11.595823287963867,22.93000030517578,23.0,22.809999465942383,22.975000381469727,4261800
2004-05-17,11.600881576538086,22.940000534057617,23.094999313354492,22.75,22.780000686645508,2381200
2004-05-18,11.583187103271484,22.905000686645508,23.06999969482422,22.844999313354492,23.024999618530273,1905400
2004-05-19,11.53514575958252,22.809999465942383,23.0049991607666,22.774999618530273,23.0,2727800
2004-05-20,11.555368423461914,22.850000381469727,22.920000076293945,22.700000762939453,22.78499984741211,2201200
2004-05-21,11.522500991821289,22.78499984741211,22.9950008392334,22.75,22.8799991607666,1926400
2004-05-24,11.5123872756958,22.764999389648438,22.905000686645508,22.690000534057617,22.899999618530273,1788400
2004-05-25,11.54272747039795,22.825000762939453,22.940000534057617,22.665000915527344,22.770000457763672,2677200
2004-05-26,11.605939865112305,22.950000762939453,23.020000457763672,22.674999237060547,22.75,1823600
2004-05-27,11.626172065734863,22.989999771118164,23.170000076293945,22.950000762939453,23.049999237060547,2643400
2004-05-28,11.64387035369873,23.024999618530273,23.084999084472656,22.924999237060547,22.989999771118164,2092800
2004-06-01,11.575601577758789,22.889999389648438,23.084999084472656,22.760000228881836,23.049999237060547,3231800
2004-06-02,11.578129768371582,22.895000457763672,22.975000381469727,22.825000762939453,22.915000915527344,3552000
2004-06-03,11.54272747039795,22.825000762939453,23.024999618530273,22.719999313354492,22.850000381469727,3510000
2004-06-04,12.099002838134766,23.924999237060547,24.075000762939453,23.44499969482422,23.5,21643000
2004-06-07,11.972576141357422,23.674999237060547,23.75,23.530000686645508,23.725000381469727,4634200
2004-06-08,11.959941864013672,23.649999618530273,23.700000762939453,23.524999618530273,23.579999923706055,2893800
2004-06-09,11.954874992370605,23.639999389648438,23.75,23.600000381469727,23.600000381469727,3215000
2004-06-10,11.947291374206543,23.625,23.690000534057617,23.579999923706055,23.690000534057617,2054000
2004-06-14,11.841094017028809,23.415000915527344,23.56999969482422,23.344999313354492,23.5,2859200
2004-06-15,11.707077026367188,23.149999618530273,23.485000610351562,23.079999923706055,23.475000381469727,3182600
2004-06-16,11.739957809448242,23.21500015258789,23.264999389648438,23.100000381469727,23.225000381469727,1241400
2004-06-17,11.653984069824219,23.045000076293945,23.229999542236328,22.979999542236328,23.149999618530273,1883800
2004-06-18,11.545259475708008,22.829999923706055,23.165000915527344,22.795000076293945,23.045000076293945,2788600
2004-06-21,11.583187103271484,22.905000686645508,23.0,22.760000228881836,22.8799991607666,2826400
2004-06-22,11.595823287963867,22.93000030517578,23.0,22.774999618530273,22.94499969482422,1807200
2004-06-23,11.58824348449707,22.915000915527344,22.959999084472656,22.75,22.959999084472656,2216200
2004-06-24,11.674210548400879,23.084999084472656,23.094999313354492,22.674999237060547,22.924999237060547,3831000
2004-06-25,11.504796981811523,22.75,23.09000015258789,22.75,23.079999923706055,6533200
2004-06-28,11.605939865112305,22.950000762939453,23.024999618530273,22.825000762939453,22.875,2787800
2004-06-29,11.661571502685547,23.059999465942383,23.100000381469727,22.905000686645508,22.950000762939453,2158000
2004-06-30,12.018089294433594,23.764999389648438,23.850000381469727,23.145000457763672,23.299999237060547,8213400
2004-07-01,12.010507583618164,23.75,23.864999771118164,23.545000076293945,23.549999237060547,4419000
2004-07-02,11.879023551940918,23.489999771118164,23.75,23.475000381469727,23.75,2804600
2004-07-06,11.820865631103516,23.375,23.565000534057617,23.315000534057617,23.489999771118164,2057600
2004-07-07,11.681798934936523,23.100000381469727,23.450000762939453,23.075000762939453,23.399999618530273,2624600
2004-07-08,11.770892143249512,23.1200008392334,23.350000381469727,22.90999984741211,22.940000534057617,2179000
2004-07-09,11.887993812561035,23.350000381469727,23.375,23.075000762939453,23.149999618530273,2252800
2004-07-12,11.86508560180664,23.30500030517578,23.485000610351562,23.204999923706055,23.389999389648438,1444000
2004-07-13,11.811625480651855,23.200000762939453,23.344999313354492,23.075000762939453,23.344999313354492,1458400
2004-07-14,11.730168342590332,23.040000915527344,23.34000015258789,22.969999313354492,23.200000762939453,2210400
2004-07-15,11.628338813781738,22.84000015258789,23.174999237060547,22.84000015258789,23.125,1778400
2004-07-16,11.620704650878906,22.825000762939453,23.0049991607666,22.735000610351562,22.979999542236328,2530400
2004-07-19,11.669071197509766,22.920000076293945,23.075000762939453,22.795000076293945,22.80500030517578,1659800
2004-07-20,11.94908618927002,23.469999313354492,23.469999313354492,22.975000381469727,23.020000457763672,3342000
2004-07-21,11.900720596313477,23.375,23.469999313354492,23.25,23.450000762939453,2963600
2004-07-22,11.760711669921875,23.100000381469727,23.325000762939453,23.094999313354492,23.315000534057617,2684600
2004-07-23,11.592705726623535,22.770000457763672,23.149999618530273,22.700000762939453,23.149999618530273,3126200
2004-07-26,11.658883094787598,22.899999618530273,22.899999618530273,22.645000457763672,22.674999237060547,2755000
2004-07-27,11.582518577575684,22.75,22.9950008392334,22.690000534057617,22.899999618530273,1772000
2004-07-28,11.518880844116211,22.625,22.774999618530273,22.5,22.760000228881836,1868200
2004-07-29,11.447593688964844,22.485000610351562,22.655000686645508,22.475000381469727,22.649999618530273,2267000
2004-07-30,11.42978572845459,22.450000762939453,22.584999084472656,22.395000457763672,22.514999389648438,2463600
2004-08-02,11.546882629394531,22.68000030517578,22.719999313354492,22.399999618530273,22.454999923706055,1994000
2004-08-03,11.434869766235352,22.459999084472656,22.68000030517578,22.434999465942383,22.649999618530273,1473400
2004-08-04,11.42978572845459,22.450000762939453,22.575000762939453,22.360000610351562,22.375,1477000
2004-08-05,11.439966201782227,22.469999313354492,22.6200008392334,22.469999313354492,22.520000457763672,1509600
2004-08-06,11.47305679321289,22.53499984741211,22.600000381469727,22.360000610351562,22.424999237060547,1698800
2004-08-09,11.470512390136719,22.530000686645508,22.610000610351562,22.475000381469727,22.524999618530273,1647400
2004-08-10,11.516331672668457,22.6200008392334,22.6200008392334,22.385000228881836,22.594999313354492,1556400
2004-08-11,11.641067504882812,22.864999771118164,22.864999771118164,22.479999542236328,22.6200008392334,1598200
2004-08-12,11.557066917419434,22.700000762939453,22.96500015258789,22.69499969482422,22.790000915527344,1829400
2004-08-13,11.676702499389648,22.934999465942383,22.950000762939453,22.625,22.764999389648438,1829800
2004-08-16,11.635977745056152,22.854999542236328,22.924999237060547,22.725000381469727,22.850000381469727,2391600
2004-08-17,11.69707202911377,22.975000381469727,22.975000381469727,22.825000762939453,22.899999618530273,1457200
2004-08-18,11.8167142868042,23.209999084472656,23.25,22.875,22.915000915527344,1585600
2004-08-19,11.83199405670166,23.239999771118164,23.239999771118164,23.075000762939453,23.229999542236328,1131800
2004-08-20,11.86762523651123,23.309999465942383,23.31999969482422,23.15999984741211,23.239999771118164,1205800
2004-08-23,11.84980297088623,23.274999618530273,23.424999237060547,23.2549991607666,23.360000610351562,951400
2004-08-24,11.870174407958984,23.315000534057617,23.375,23.18000030517578,23.30500030517578,1033800
2004-08-25,11.918540954589844,23.40999984741211,23.424999237060547,23.239999771118164,23.350000381469727,1366400
2004-08-26,11.964361190795898,23.5,23.549999237060547,23.420000076293945,23.420000076293945,1587000
2004-08-27,12.015273094177246,23.600000381469727,23.635000228881836,23.450000762939453,23.510000228881836,1943800
2004-08-30,11.951634407043457,23.475000381469727,23.594999313354492,23.454999923706055,23.59000015258789,977600
2004-08-31,12.027997016906738,23.625,23.6299991607666,23.485000610351562,23.540000915527344,1354800
2004-09-01,12.05091381072998,23.670000076293945,23.75,23.5,23.625,1605800
2004-09-02,12.089092254638672,23.7450008392334,23.764999389648438,23.575000762939453,23.575000762939453,1497400
2004-09-03,12.09927749633789,23.764999389648438,23.815000534057617,23.725000381469727,23.774999618530273,1289600
2004-09-07,12.045823097229004,23.65999984741211,23.764999389648438,23.579999923706055,23.75,2073800
2004-09-08,11.844711303710938,23.264999389648438,23.549999237060547,23.225000381469727,23.549999237060547,3189400
2004-09-09,11.875260353088379,23.325000762939453,23.475000381469727,23.270000457763672,23.315000534057617,1524200
2004-09-10,11.875260353088379,23.325000762939453,23.364999771118164,23.084999084472656,23.325000762939453,1507200
2004-09-13,11.890530586242676,23.354999542236328,23.450000762939453,23.25,23.329999923706055,1364200
2004-09-14,11.92617416381836,23.424999237060547,23.4950008392334,23.299999237060547,23.354999542236328,1470400
2004-09-15,11.992366790771484,23.55500030517578,23.635000228881836,23.30500030517578,23.5,1885800
2004-09-16,11.905811309814453,23.385000228881836,23.610000610351562,23.290000915527344,23.559999465942383,1837600
2004-09-17,12.022913932800293,23.614999771118164,23.75,23.424999237060547,23.424999237060547,3025200
2004-09-20,11.793810844421387,23.165000915527344,23.540000915527344,23.0,23.5,4375800
2004-09-21,11.544334411621094,22.674999237060547,22.924999237060547,22.55500030517578,22.875,5924600
2004-09-22,11.437417984008789,22.46500015258789,22.670000076293945,22.235000610351562,22.670000076293945,5869600
2004-09-23,11.42723274230957,22.44499969482422,22.614999771118164,22.309999465942383,22.450000762939453,2880400
2004-09-24,11.478154182434082,22.545000076293945,22.575000762939453,22.43000030517578,22.489999771118164,1881200
2004-09-27,11.42723274230957,22.44499969482422,22.579999923706055,22.424999237060547,22.545000076293945,2475200
2004-09-28,11.404328346252441,22.399999618530273,22.649999618530273,22.389999389648438,22.4950008392334,2116000
2004-09-29,11.478154182434082,22.545000076293945,22.565000534057617,22.200000762939453,22.399999618530273,2372800
2004-09-30,11.42978572845459,22.450000762939453,22.584999084472656,22.399999618530273,22.479999542236328,3712600
2004-10-01,11.531607627868652,22.649999618530273,22.700000762939453,22.469999313354492,22.524999618530273,1587000
2004-10-04,11.521421432495117,22.6299991607666,22.6299991607666,22.2450008392334,22.25,14402200
2004-10-05,11.480691909790039,22.549999237060547,22.934999465942383,22.4950008392334,22.774999618530273,27976200
2004-10-06,11.547334671020508,22.524999618530273,22.55500030517578,22.375,22.549999237060547,7192200
2004-10-07,11.452497482299805,22.34000015258789,22.549999237060547,22.25,22.545000076293945,4826800
2004-10-08,11.457625389099121,22.350000381469727,22.399999618530273,22.2549991607666,22.325000762939453,5056800
2004-10-11,11.334596633911133,22.110000610351562,22.450000762939453,22.110000610351562,22.399999618530273,4193600
2004-10-12,11.329466819763184,22.100000381469727,22.25,22.03499984741211,22.125,3630000
2004-10-13,11.362784385681152,22.165000915527344,22.295000076293945,22.045000076293945,22.225000381469727,3339600
2004-10-14,11.270508766174316,21.985000610351562,22.239999771118164,21.954999923706055,22.125,2792800
2004-10-15,11.239752769470215,21.924999237060547,22.155000686645508,21.899999618530273,22.024999618530273,2844200
2004-10-18,11.273070335388184,21.989999771118164,22.040000915527344,21.834999084472656,21.924999237060547,3375600
2004-10-19,11.255133628845215,21.954999923706055,22.110000610351562,21.8799991607666,22.0,3133200
2004-10-20,11.185922622680664,21.81999969482422,22.014999389648438,21.780000686645508,21.934999465942383,3459800
2004-10-21,11.203862190246582,21.854999542236328,21.924999237060547,21.735000610351562,21.815000534057617,3547000
2004-10-22,11.098773002624512,21.649999618530273,21.889999389648438,21.649999618530273,21.875,2430000
2004-10-25,11.121838569641113,21.69499969482422,21.8799991607666,21.5049991607666,21.725000381469727,3552000
2004-10-26,11.214123725891113,21.875,21.895000457763672,21.670000076293945,21.684999465942383,2769400
2004-10-27,11.232064247131348,21.90999984741211,21.93000030517578,21.795000076293945,21.895000457763672,2828800
2004-10-28,11.221809387207031,21.889999389648438,21.950000762939453,21.760000228881836,21.93000030517578,3170800
2004-10-29,11.342279434204102,22.125,22.125,21.825000762939453,21.934999465942383,4675000
2004-11-01,11.30126667022705,22.045000076293945,22.260000228881836,21.969999313354492,22.25,3132400
2004-11-02,11.265379905700684,21.975000381469727,22.1200008392334,21.934999465942383,22.075000762939453,3347200
2004-11-03,11.406359672546387,22.25,22.389999389648438,22.020000457763672,22.065000534057617,6519800
2004-11-04,11.547334671020508,22.524999618530273,22.540000915527344,22.024999618530273,22.25,6472600
2004-11-05,11.585782051086426,22.600000381469727,22.655000686645508,22.4950008392334,22.625,3472600
2004-11-08,11.542211532592773,22.514999389648438,22.625,22.5,22.600000381469727,5588200
2004-11-09,11.570409774780273,22.56999969482422,22.649999618530273,22.375,22.514999389648438,2700200
2004-11-10,11.608855247497559,22.645000457763672,22.68000030517578,22.530000686645508,22.600000381469727,2931800
2004-11-11,11.688313484191895,22.799999237060547,22.809999465942383,22.59000015258789,22.645000457763672,2089000
2004-11-12,11.76521110534668,22.950000762939453,22.950000762939453,22.709999084472656,22.84000015258789,2717200
2004-11-15,11.634490966796875,22.69499969482422,22.795000076293945,22.579999923706055,22.649999618530273,3516200
2004-11-16,11.570409774780273,22.56999969482422,22.69499969482422,22.55500030517578,22.69499969482422,1850400
2004-11-17,11.626800537109375,22.68000030517578,22.75,22.575000762939453,22.639999389648438,2625200
2004-11-18,11.631926536560059,22.690000534057617,22.774999618530273,22.6200008392334,22.7450008392334,1649000
2004-11-19,11.439687728881836,22.315000534057617,22.729999542236328,22.299999237060547,22.725000381469727,3358400
2004-11-22,11.419179916381836,22.274999618530273,22.450000762939453,22.190000534057617,22.450000762939453,2998200
2004-11-23,11.455061912536621,22.344999313354492,22.395000457763672,22.06999969482422,22.225000381469727,3266200
2004-11-24,11.529393196105957,22.489999771118164,22.545000076293945,22.364999771118164,22.434999465942383,1799200
2004-11-26,11.521705627441406,22.475000381469727,22.565000534057617,22.475000381469727,22.4950008392334,621800
2004-11-29,11.575535774230957,22.579999923706055,22.639999389648438,22.479999542236328,22.5,2799000
2004-11-30,11.660120964050293,22.7450008392334,22.78499984741211,22.5,22.594999313354492,3631000
2004-12-01,11.95233154296875,23.315000534057617,23.389999389648438,22.815000534057617,22.84000015258789,6703600
2004-12-02,12.07280158996582,23.549999237060547,23.549999237060547,23.204999923706055,23.21500015258789,3549800
2004-12-03,11.936948776245117,23.28499984741211,23.549999237060547,23.235000610351562,23.5,2700200
2004-12-06,11.860052108764648,23.135000228881836,23.299999237060547,23.05500030517578,23.28499984741211,1784800
2004-12-07,11.739580154418945,22.899999618530273,23.225000381469727,22.809999465942383,23.190000534057617,2826600
2004-12-08,11.836981773376465,23.09000015258789,23.110000610351562,22.905000686645508,22.93000030517578,1973000
2004-12-09,12.011280059814453,23.43000030517578,23.459999084472656,22.934999465942383,23.09000015258789,2805400
2004-12-10,12.062546730041504,23.530000686645508,23.559999465942383,23.165000915527344,23.325000762939453,3562200
2004-12-13,12.11638069152832,23.635000228881836,23.639999389648438,23.325000762939453,23.575000762939453,2374600
2004-12-14,12.436777114868164,24.260000228881836,24.299999237060547,23.700000762939453,23.700000762939453,6723800
2004-12-15,12.411147117614746,24.209999084472656,24.229999542236328,24.049999237060547,24.225000381469727,4248800
2004-12-16,12.395767211914062,24.18000030517578,24.209999084472656,24.0,24.15999984741211,3695400
2004-12-17,12.488045692443848,24.360000610351562,24.489999771118164,24.190000534057617,24.229999542236328,7283800
2004-12-20,12.59057903289795,24.559999465942383,24.575000762939453,24.235000610351562,24.360000610351562,4799000
2004-12-21,12.559810638427734,24.5,24.78499984741211,24.125,24.5,7401800
2004-12-22,12.580320358276367,24.540000915527344,24.584999084472656,24.34000015258789,24.575000762939453,2973400
2004-12-23,12.616204261779785,24.610000610351562,24.709999084472656,24.559999465942383,24.575000762939453,3252800
2004-12-27,12.626455307006836,24.6299991607666,24.760000228881836,24.559999465942383,24.65999984741211,2293600
2004-12-28,12.767436027526855,24.905000686645508,24.934999465942383,24.639999389648438,24.739999771118164,3446400
2004-12-29,12.759749412536621,24.889999389648438,24.979999542236328,24.790000915527344,24.954999923706055,1841800
2004-12-30,12.76999568939209,24.90999984741211,24.940000534057617,24.825000762939453,24.924999237060547,1425200
2004-12-31,12.741800308227539,24.854999542236328,24.959999084472656,24.774999618530273,24.959999084472656,1594800
2005-01-03,12.534183502197266,24.450000762939453,24.875,24.399999618530273,24.8700008392334,4230000
2005-01-04,12.495734214782715,24.375,24.6200008392334,24.235000610351562,24.565000534057617,3371200
2005-01-05,12.752057075500488,24.875,24.950000762939453,24.219999313354492,24.274999618530273,7397200
2005-01-06,12.8449125289917,24.899999618530273,24.950000762939453,24.709999084472656,24.834999084472656,4572800
2005-01-07,13.13895320892334,25.469999313354492,25.475000381469727,24.985000610351562,24.9950008392334,10910400
2005-01-10,13.180221557617188,25.549999237060547,25.604999542236328,25.25,25.25,6671000
2005-01-11,13.149264335632324,25.489999771118164,25.5,25.299999237060547,25.350000381469727,6334600
2005-01-12,13.144108772277832,25.479999542236328,25.6200008392334,25.18000030517578,25.549999237060547,5076400
2005-01-13,13.048678398132324,25.295000076293945,25.469999313354492,25.235000610351562,25.364999771118164,3031200
2005-01-14,13.061573028564453,25.31999969482422,25.434999465942383,25.225000381469727,25.424999237060547,3024200
2005-01-18,13.36592960357666,25.90999984741211,25.924999237060547,25.200000762939453,25.25,5306000
2005-01-19,13.458780288696289,26.09000015258789,26.200000762939453,25.93000030517578,26.0,7021000
2005-01-20,13.502633094787598,26.174999237060547,26.295000076293945,25.950000762939453,25.950000762939453,6140600
2005-01-21,13.389141082763672,25.954999923706055,26.149999618530273,25.915000915527344,26.149999618530273,4454800
2005-01-24,13.371088027954102,25.920000076293945,26.0,25.760000228881836,25.975000381469727,4154200
2005-01-25,13.383981704711914,25.94499969482422,26.094999313354492,25.774999618530273,25.924999237060547,5205400
2005-01-26,13.432991981506348,26.040000915527344,26.114999771118164,25.950000762939453,25.985000610351562,3791200
2005-01-27,13.587749481201172,26.34000015258789,26.350000381469727,25.950000762939453,26.0,3970200
2005-01-28,13.644492149353027,26.450000762939453,26.94499969482422,26.25,26.34000015258789,8033800
2005-01-31,13.667710304260254,26.4950008392334,26.655000686645508,26.360000610351562,26.450000762939453,4098800
2005-02-01,13.76314640045166,26.68000030517578,26.770000457763672,26.15999984741211,26.25,4986000
2005-02-02,13.696083068847656,26.549999237060547,26.770000457763672,26.475000381469727,26.69499969482422,3177800
2005-02-03,13.69091796875,26.540000915527344,26.610000610351562,26.450000762939453,26.575000762939453,3292400
2005-02-04,13.67028522491455,26.5,26.549999237060547,26.415000915527344,26.540000915527344,7395000
2005-02-07,13.618699073791504,26.399999618530273,26.725000381469727,26.325000762939453,26.5,9159000
2005-02-08,13.657390594482422,26.475000381469727,26.530000686645508,26.315000534057617,26.424999237060547,4063800
2005-02-09,13.580011367797852,26.325000762939453,26.46500015258789,26.25,26.399999618530273,2818200
2005-02-10,13.580011367797852,26.325000762939453,26.415000915527344,26.229999542236328,26.325000762939453,3099000
2005-02-11,13.580011367797852,26.325000762939453,26.399999618530273,26.2549991607666,26.325000762939453,4241400
2005-02-14,13.572267532348633,26.309999465942383,26.34000015258789,26.219999313354492,26.329999923706055,1556800
2005-02-15,13.580011367797852,26.325000762939453,26.450000762939453,26.274999618530273,26.434999465942383,2493600
2005-02-16,13.592909812927246,26.350000381469727,26.43000030517578,26.225000381469727,26.274999618530273,3424000
2005-02-17,13.456204414367676,26.084999084472656,26.354999542236328,26.084999084472656,26.344999313354492,2594800
2005-02-18,13.34529972076416,25.8700008392334,26.06999969482422,25.80500030517578,26.03499984741211,2428600
2005-02-22,13.089942932128906,25.375,25.850000381469727,25.375,25.75,4865600
2005-02-23,13.247282028198242,25.68000030517578,25.68000030517578,25.354999542236328,25.375,3464000
2005-02-24,13.347872734069824,25.875,25.875,25.545000076293945,25.674999237060547,2524400
2005-02-25,13.422675132751465,26.020000457763672,26.165000915527344,25.799999237060547,25.799999237060547,2888200
2005-02-28,13.507789611816406,26.184999465942383,26.280000686645508,25.825000762939453,25.934999465942383,2231800
2005-03-01,13.626433372497559,26.415000915527344,26.43000030517578,26.15999984741211,26.184999465942383,3115200
2005-03-02,13.497474670410156,26.165000915527344,26.399999618530273,26.125,26.299999237060547,3260200
2005-03-03,13.500054359436035,26.170000076293945,26.274999618530273,26.05500030517578,26.170000076293945,2216200
2005-03-04,13.489728927612305,26.149999618530273,26.309999465942383,25.979999542236328,26.235000610351562,2267800
2005-03-07,13.373668670654297,25.924999237060547,26.174999237060547,25.850000381469727,26.174999237060547,3831000
2005-03-08,13.334979057312012,25.850000381469727,25.975000381469727,25.799999237060547,25.954999923706055,2576800
2005-03-09,13.190533638000488,25.56999969482422,25.850000381469727,25.510000228881836,25.850000381469727,3445200
2005-03-10,13.353026390075684,25.885000228881836,25.950000762939453,25.704999923706055,25.725000381469727,2781800
2005-03-11,13.23438549041748,25.655000686645508,26.020000457763672,25.594999313354492,25.825000762939453,2481400
2005-03-14,13.38140869140625,25.940000534057617,25.940000534057617,25.649999618530273,25.68000030517578,2886400
2005-03-15,13.518104553222656,26.204999923706055,26.350000381469727,26.049999237060547,26.079999923706055,3862800
2005-03-16,13.39946174621582,25.975000381469727,26.190000534057617,25.94499969482422,26.079999923706055,2769000
2005-03-17,13.154424667358398,25.5,25.975000381469727,25.450000762939453,25.975000381469727,3434800
2005-03-18,13.291126251220703,25.764999389648438,25.764999389648438,25.4950008392334,25.5,5471000
2005-03-21,13.28854751586914,25.760000228881836,25.950000762939453,25.625,25.829999923706055,2338800
2005-03-22,12.746892929077148,24.709999084472656,25.55500030517578,24.709999084472656,25.549999237060547,9504400
2005-03-23,12.935181617736816,25.075000762939453,25.145000457763672,24.68000030517578,24.75,5273600
2005-03-24,12.857806205749512,24.924999237060547,25.100000381469727,24.889999389648438,25.06999969482422,2935600
2005-03-28,12.899077415466309,25.0049991607666,25.165000915527344,24.979999542236328,25.0,2287600
2005-03-29,12.721102714538574,24.65999984741211,25.065000534057617,24.6200008392334,25.0049991607666,4788400
2005-03-30,12.757217407226562,24.729999542236328,24.989999771118164,24.700000762939453,24.729999542236328,3204400
2005-03-31,12.677254676818848,24.575000762939453,24.704999923706055,24.524999618530273,24.639999389648438,3784400
2005-04-01,12.548293113708496,24.325000762939453,24.700000762939453,24.145000457763672,24.594999313354492,4310800
2005-04-04,12.584403991699219,24.395000457763672,24.475000381469727,24.024999618530273,24.239999771118164,4647200
2005-04-05,12.723685264587402,24.665000915527344,24.75,24.270000457763672,24.395000457763672,2880000
2005-04-06,12.77010726928711,24.7549991607666,24.764999389648438,24.584999084472656,24.700000762939453,2868800
2005-04-07,12.792104721069336,24.719999313354492,24.764999389648438,24.489999771118164,24.600000381469727,3039600
2005-04-08,12.737762451171875,24.614999771118164,24.829999923706055,24.514999389648438,24.649999618530273,2939600
2005-04-11,12.776579856872559,24.690000534057617,24.799999237060547,24.530000686645508,24.704999923706055,1761800
2005-04-12,12.823149681091309,24.780000686645508,24.850000381469727,24.479999542236328,24.690000534057617,2385000
2005-04-13,12.696370124816895,24.53499984741211,24.899999618530273,24.514999389648438,24.825000762939453,2584400
2005-04-14,12.644622802734375,24.434999465942383,24.6200008392334,24.405000686645508,24.545000076293945,3710400
2005-04-15,12.510072708129883,24.174999237060547,24.524999618530273,24.174999237060547,24.40999984741211,3352400
2005-04-18,12.56182861328125,24.274999618530273,24.469999313354492,24.114999771118164,24.280000686645508,3176000
2005-04-19,12.548881530761719,24.25,24.399999618530273,24.209999084472656,24.350000381469727,2886000
2005-04-20,12.460917472839355,24.079999923706055,24.375,24.040000915527344,24.25,2150200
2005-04-21,12.554060935974121,24.260000228881836,24.350000381469727,24.114999771118164,24.25,2157600
2005-04-22,12.564411163330078,24.280000686645508,24.44499969482422,24.09000015258789,24.274999618530273,2713200
2005-04-25,12.686022758483887,24.514999389648438,24.639999389648438,24.350000381469727,24.399999618530273,2137600
2005-04-26,12.5359525680542,24.225000381469727,24.5,24.200000762939453,24.5,2561600
2005-04-27,12.636857032775879,24.420000076293945,24.450000762939453,24.100000381469727,24.225000381469727,2233200
2005-04-28,12.691192626953125,24.524999618530273,24.600000381469727,24.260000228881836,24.354999542236328,3560400
2005-04-29,12.781752586364746,24.700000762939453,24.729999542236328,24.424999237060547,24.53499984741211,3817200
2005-05-02,12.75070858001709,24.639999389648438,24.809999465942383,24.53499984741211,24.760000228881836,1832800
2005-05-03,12.924060821533203,24.975000381469727,25.09000015258789,24.610000610351562,24.639999389648438,3576800
2005-05-04,12.854201316833496,24.84000015258789,25.104999542236328,24.75,25.010000228881836,2921200
2005-05-05,12.846440315246582,24.825000762939453,25.024999618530273,24.674999237060547,24.864999771118164,1491600
2005-05-06,12.794686317443848,24.725000381469727,24.9950008392334,24.704999923706055,24.975000381469727,1362800
2005-05-09,12.823149681091309,24.780000686645508,24.834999084472656,24.635000228881836,24.760000228881836,2438000
2005-05-10,12.740357398986816,24.6200008392334,24.809999465942383,24.549999237060547,24.780000686645508,2074800
2005-05-11,12.833498001098633,24.799999237060547,24.8700008392334,24.600000381469727,24.690000534057617,3207600
2005-05-12,12.732587814331055,24.604999542236328,24.915000915527344,24.565000534057617,24.84000015258789,3139600
2005-05-13,12.662734031677246,24.469999313354492,24.764999389648438,24.459999084472656,24.674999237060547,3314000
2005-05-16,12.781752586364746,24.700000762939453,24.75,24.559999465942383,24.565000534057617,3579400
2005-05-17,12.789515495300293,24.71500015258789,24.809999465942383,24.6200008392334,24.725000381469727,3369800
2005-05-18,12.722238540649414,24.584999084472656,24.825000762939453,24.53499984741211,24.739999771118164,4315400
2005-05-19,12.794686317443848,24.725000381469727,24.825000762939453,24.520000457763672,24.584999084472656,3541200
2005-05-20,12.792104721069336,24.719999313354492,24.774999618530273,24.665000915527344,24.735000610351562,2401000
2005-05-23,12.815390586853027,24.764999389648438,24.825000762939453,24.690000534057617,24.774999618530273,2103400
2005-05-24,12.784341812133789,24.704999923706055,24.799999237060547,24.635000228881836,24.690000534057617,1994000
2005-05-25,12.763642311096191,24.665000915527344,24.78499984741211,24.510000228881836,24.709999084472656,2326600
2005-05-26,12.87490177154541,24.8799991607666,24.915000915527344,24.700000762939453,24.725000381469727,1806200
2005-05-27,12.854201316833496,24.84000015258789,24.924999237060547,24.719999313354492,24.854999542236328,1132000
2005-05-31,12.807626724243164,24.75,24.895000457763672,24.7450008392334,24.895000457763672,2673000
2005-06-01,13.084477424621582,25.28499984741211,25.584999084472656,25.024999618530273,25.024999618530273,5020400
2005-06-02,13.110356330871582,25.334999084472656,25.40999984741211,25.200000762939453,25.315000534057617,2541200
2005-06-03,13.089655876159668,25.295000076293945,25.485000610351562,25.135000228881836,25.260000228881836,2053400
2005-06-06,13.15692138671875,25.424999237060547,25.440000534057617,25.190000534057617,25.375,2207400
2005-06-07,13.2086763381958,25.524999618530273,25.625,25.405000686645508,25.5,2344400
2005-06-08,13.15692138671875,25.424999237060547,25.725000381469727,25.399999618530273,25.649999618530273,2509400
2005-06-09,13.226786613464355,25.559999465942383,25.559999465942383,25.299999237060547,25.5,2755800
2005-06-10,13.268182754516602,25.639999389648438,25.665000915527344,25.475000381469727,25.55500030517578,2594600
2005-06-13,13.20091438293457,25.510000228881836,25.674999237060547,25.459999084472656,25.6299991607666,2326600
2005-06-14,13.15950870513916,25.43000030517578,25.6200008392334,25.3799991607666,25.600000381469727,3260600
2005-06-15,13.1957368850708,25.5,25.5049991607666,25.350000381469727,25.475000381469727,2106000
2005-06-16,13.18538761138916,25.479999542236328,25.565000534057617,25.395000457763672,25.5,2369800
2005-06-17,13.260417938232422,25.625,25.649999618530273,25.479999542236328,25.524999618530273,5141600
2005-06-20,13.1957368850708,25.5,25.649999618530273,25.44499969482422,25.625,2014400
2005-06-21,13.203503608703613,25.514999389648438,25.530000686645508,25.415000915527344,25.5,2522200
2005-06-22,13.213850975036621,25.53499984741211,25.610000610351562,25.514999389648438,25.565000534057617,2592800
2005-06-23,13.1957368850708,25.5,25.56999969482422,25.415000915527344,25.53499984741211,2719000
2005-06-24,13.115533828735352,25.344999313354492,25.600000381469727,25.334999084472656,25.520000457763672,3699200
2005-06-27,13.040494918823242,25.200000762939453,25.399999618530273,25.149999618530273,25.3700008392334,4554600
2005-06-28,13.09482479095459,25.30500030517578,25.3700008392334,25.149999618530273,25.200000762939453,5106400
2005-06-29,12.21511459350586,23.604999542236328,24.565000534057617,23.46500015258789,24.424999237060547,21812800
2005-06-30,12.106443405151367,23.395000457763672,23.65999984741211,23.360000610351562,23.459999084472656,9767000
2005-07-01,12.085739135742188,23.354999542236328,23.68000030517578,23.280000686645508,23.479999542236328,5528000
2005-07-05,12.186654090881348,23.549999237060547,23.635000228881836,23.354999542236328,23.360000610351562,5235800
2005-07-06,11.912384033203125,23.020000457763672,23.600000381469727,22.950000762939453,23.55500030517578,6387600
2005-07-07,11.911089897155762,22.934999465942383,23.0,22.7450008392334,22.774999618530273,7098800
2005-07-08,11.99677848815918,23.100000381469727,23.174999237060547,22.875,22.920000076293945,4577600
2005-07-11,12.116229057312012,23.329999923706055,23.34000015258789,23.139999389648438,23.139999389648438,4869400
2005-07-12,12.251256942749023,23.59000015258789,23.600000381469727,23.280000686645508,23.280000686645508,5159000
2005-07-13,12.194131851196289,23.479999542236328,23.600000381469727,23.395000457763672,23.59000015258789,3668600
2005-07-14,12.175951957702637,23.44499969482422,23.729999542236328,23.424999237060547,23.604999542236328,5870000
2005-07-15,12.160377502441406,23.415000915527344,23.520000457763672,23.344999313354492,23.44499969482422,3029800
2005-07-18,12.077277183532715,23.2549991607666,23.424999237060547,23.2549991607666,23.364999771118164,2753200
2005-07-19,12.077277183532715,23.2549991607666,23.360000610351562,23.200000762939453,23.299999237060547,5129000
2005-07-20,12.020153045654297,23.145000457763672,23.295000076293945,23.125,23.2549991607666,4400200
2005-07-21,12.079874038696289,23.260000228881836,23.315000534057617,23.15999984741211,23.15999984741211,6015800
2005-07-22,12.116229057312012,23.329999923706055,23.344999313354492,23.200000762939453,23.2450008392334,3094800
2005-07-25,12.175951957702637,23.44499969482422,23.540000915527344,23.264999389648438,23.329999923706055,3499400
2005-07-26,12.165566444396973,23.424999237060547,23.520000457763672,23.364999771118164,23.450000762939453,2894600
2005-07-27,12.183738708496094,23.459999084472656,23.625,23.424999237060547,23.485000610351562,2201600
2005-07-28,12.344738960266113,23.770000457763672,23.864999771118164,23.514999389648438,23.520000457763672,3119800
2005-07-29,12.308385848999023,23.700000762939453,23.84000015258789,23.575000762939453,23.80500030517578,2713000
2005-08-01,12.285015106201172,23.655000686645508,23.889999389648438,23.649999618530273,23.774999618530273,2579400
2005-08-02,12.295401573181152,23.674999237060547,23.7450008392334,23.625,23.725000381469727,2239800
2005-08-03,12.266837120056152,23.6200008392334,23.690000534057617,23.594999313354492,23.625,3000200
2005-08-04,12.181151390075684,23.454999923706055,23.625,23.385000228881836,23.6200008392334,3424400
2005-08-05,12.129209518432617,23.354999542236328,23.40999984741211,23.274999618530273,23.389999389648438,2191400
2005-08-08,12.168159484863281,23.43000030517578,23.485000610351562,23.354999542236328,23.360000610351562,2309600
2005-08-09,12.282421112060547,23.649999618530273,23.68000030517578,23.459999084472656,23.489999771118164,2865200
2005-08-10,12.32656478881836,23.735000610351562,23.905000686645508,23.674999237060547,23.700000762939453,2089200
2005-08-11,12.37590217590332,23.829999923706055,23.850000381469727,23.704999923706055,23.774999618530273,2496400
2005-08-12,12.386286735534668,23.850000381469727,23.924999237060547,23.7450008392334,23.75,1439400
2005-08-15,12.38887882232666,23.854999542236328,23.950000762939453,23.834999084472656,23.889999389648438,1930800
2005-08-16,12.313578605651855,23.709999084472656,23.920000076293945,23.69499969482422,23.860000610351562,1672400
2005-08-17,12.349929809570312,23.780000686645508,23.860000610351562,23.594999313354492,23.690000534057617,1967600
2005-08-18,12.394074440002441,23.864999771118164,23.934999465942383,23.735000610351562,23.735000610351562,1970200
2005-08-19,12.420042991638184,23.915000915527344,23.985000610351562,23.875,23.959999084472656,1921200
2005-08-22,12.42264461517334,23.920000076293945,24.045000076293945,23.735000610351562,23.985000610351562,1508200
2005-08-23,12.365509986877441,23.809999465942383,23.975000381469727,23.809999465942383,23.920000076293945,2251000
2005-08-24,12.339547157287598,23.760000228881836,23.895000457763672,23.625,23.625,1968200
2005-08-25,12.212305068969727,23.514999389648438,23.59000015258789,23.450000762939453,23.4950008392334,6267000
2005-08-26,12.178548812866211,23.450000762939453,23.524999618530273,23.399999618530273,23.510000228881836,2643000
2005-08-29,12.214900970458984,23.520000457763672,23.565000534057617,23.299999237060547,23.334999084472656,2277000
2005-08-30,12.048718452453613,23.200000762939453,23.469999313354492,23.1299991607666,23.469999313354492,5686200
2005-08-31,11.976006507873535,23.059999465942383,23.229999542236328,22.90999984741211,23.200000762939453,6709600
2005-09-01,11.965620994567871,23.040000915527344,23.15999984741211,22.985000610351562,23.024999618530273,4570800
2005-09-02,11.983792304992676,23.075000762939453,23.184999465942383,22.954999923706055,23.049999237060547,2075200
2005-09-06,12.064294815063477,23.229999542236328,23.270000457763672,23.139999389648438,23.190000534057617,2624000
2005-09-07,12.087661743164062,23.274999618530273,23.28499984741211,23.094999313354492,23.184999465942383,2026400
2005-09-08,11.981200218200684,23.06999969482422,23.204999923706055,22.979999542236328,23.190000534057617,2939600
2005-09-09,12.103245735168457,23.30500030517578,23.360000610351562,23.100000381469727,23.100000381469727,2092600
2005-09-12,12.217503547668457,23.524999618530273,23.524999618530273,23.260000228881836,23.260000228881836,4582600
2005-09-13,12.157776832580566,23.40999984741211,23.549999237060547,23.3799991607666,23.53499984741211,4569400
2005-09-14,12.025346755981445,23.155000686645508,23.454999923706055,23.145000457763672,23.450000762939453,2796200
2005-09-15,11.94743824005127,23.0049991607666,23.200000762939453,22.96500015258789,23.15999984741211,4821200
2005-09-16,12.040925025939941,23.184999465942383,23.25,23.0049991607666,23.100000381469727,3295200
2005-09-19,11.874736785888672,22.864999771118164,23.170000076293945,22.834999084472656,23.094999313354492,2627400
2005-09-20,11.737112045288086,22.600000381469727,22.979999542236328,22.524999618530273,22.899999618530273,3330000
2005-09-21,11.602078437805176,22.34000015258789,22.55500030517578,22.334999084472656,22.549999237060547,4954200
2005-09-22,11.994183540344238,23.094999313354492,23.1200008392334,22.549999237060547,22.549999237060547,9127800
2005-09-23,11.94743824005127,23.0049991607666,23.225000381469727,22.959999084472656,23.065000534057617,3003200
2005-09-26,11.913681983947754,22.940000534057617,23.114999771118164,22.665000915527344,23.05500030517578,4206600
2005-09-27,12.069488525390625,23.239999771118164,23.315000534057617,22.950000762939453,23.040000915527344,3491200
2005-09-28,12.178548812866211,23.450000762939453,23.53499984741211,23.28499984741211,23.395000457763672,3476200
2005-09-29,12.318770408630371,23.719999313354492,23.75,23.3799991607666,23.53499984741211,2975400
2005-09-30,12.51612377166748,24.100000381469727,24.125,23.739999771118164,23.764999389648438,4003800
2005-10-03,12.495342254638672,24.059999465942383,24.165000915527344,23.975000381469727,24.100000381469727,3272400
2005-10-04,12.47457504272461,24.020000457763672,24.204999923706055,24.0,24.059999465942383,3302600
2005-10-05,12.513788223266602,23.93000030517578,24.059999465942383,23.78499984741211,23.84000015258789,4893200
2005-10-06,12.623607635498047,24.139999389648438,24.170000076293945,23.959999084472656,24.024999618530273,5829400
2005-10-07,12.558243751525879,24.014999389648438,24.174999237060547,23.915000915527344,24.125,3767600
2005-10-10,12.487648010253906,23.8799991607666,24.03499984741211,23.790000915527344,23.975000381469727,2129200
2005-10-11,12.513788223266602,23.93000030517578,24.149999618530273,23.875,23.8799991607666,3334400
2005-10-12,12.534717559814453,23.969999313354492,24.155000686645508,23.854999542236328,23.860000610351562,2430800
2005-10-13,12.513788223266602,23.93000030517578,24.075000762939453,23.81999969482422,23.854999542236328,4481800
2005-10-14,12.806638717651367,24.489999771118164,24.5,23.915000915527344,23.950000762939453,5737000
2005-10-17,12.830172538757324,24.53499984741211,24.614999771118164,24.325000762939453,24.489999771118164,3692800
2005-10-18,12.819708824157715,24.514999389648438,24.690000534057617,24.514999389648438,24.625,3125800
2005-10-19,12.814482688903809,24.5049991607666,24.549999237060547,24.155000686645508,24.4950008392334,3347400
2005-10-20,12.652371406555176,24.19499969482422,24.600000381469727,24.165000915527344,24.510000228881836,2702200
2005-10-21,12.626229286193848,24.145000457763672,24.270000457763672,23.860000610351562,24.264999389648438,3883600
2005-10-24,12.74388313293457,24.3700008392334,24.3799991607666,24.104999542236328,24.15999984741211,3442000
2005-10-25,12.699437141418457,24.28499984741211,24.459999084472656,24.149999618530273,24.3700008392334,2326600
2005-10-26,12.746496200561523,24.375,24.579999923706055,24.200000762939453,24.25,3255000
2005-10-27,12.654988288879395,24.200000762939453,24.350000381469727,24.079999923706055,24.325000762939453,3370200
2005-10-28,12.746496200561523,24.375,24.375,24.18000030517578,24.274999618530273,4936000
2005-10-31,12.618383407592773,24.1299991607666,24.450000762939453,24.014999389648438,24.450000762939453,5329400
2005-11-01,12.7412748336792,24.364999771118164,24.459999084472656,24.174999237060547,24.229999542236328,4358400
2005-11-02,12.662837028503418,24.21500015258789,24.399999618530273,24.155000686645508,24.299999237060547,2949800
2005-11-03,12.539942741394043,23.979999542236328,24.489999771118164,23.940000534057617,24.19499969482422,2964600
2005-11-04,12.456270217895508,23.81999969482422,24.0,23.584999084472656,23.979999542236328,4472400
2005-11-07,12.458889961242676,23.825000762939453,24.049999237060547,23.770000457763672,23.975000381469727,2701800
2005-11-08,12.427509307861328,23.764999389648438,23.844999313354492,23.649999618530273,23.774999618530273,2651600
2005-11-09,12.503331184387207,23.90999984741211,23.979999542236328,23.625,23.78499984741211,2535400
2005-11-10,12.615761756896973,24.125,24.170000076293945,23.809999465942383,23.915000915527344,3559600
2005-11-11,12.571319580078125,24.040000915527344,24.084999084472656,23.959999084472656,24.075000762939453,1598600
2005-11-14,12.55562686920166,24.010000228881836,24.030000686645508,23.90999984741211,23.975000381469727,2296400
2005-11-15,12.539942741394043,23.979999542236328,24.024999618530273,23.905000686645508,24.010000228881836,1906400
2005-11-16,12.50856876373291,23.920000076293945,24.0,23.860000610351562,23.985000610351562,1967400
2005-11-17,12.456270217895508,23.81999969482422,23.924999237060547,23.670000076293945,23.924999237060547,4889000
2005-11-18,12.482418060302734,23.8700008392334,23.975000381469727,23.81999969482422,23.975000381469727,2559600
2005-11-21,12.471960067749023,23.850000381469727,23.950000762939453,23.729999542236328,23.815000534057617,2691400
2005-11-22,12.53732681274414,23.975000381469727,24.049999237060547,23.809999465942383,23.850000381469727,3571200
2005-11-23,12.581769943237305,24.059999465942383,24.100000381469727,23.924999237060547,23.975000381469727,1654800
2005-11-25,12.576546669006348,24.049999237060547,24.1299991607666,24.020000457763672,24.075000762939453,635600
2005-11-28,12.55562686920166,24.010000228881836,24.05500030517578,23.8799991607666,24.0,2908600
2005-11-29,12.602694511413574,24.100000381469727,24.25,24.075000762939453,24.075000762939453,3679600
2005-11-30,12.427509307861328,23.764999389648438,24.174999237060547,23.75,24.174999237060547,2270600
2005-12-01,12.686361312866211,24.260000228881836,24.30500030517578,23.834999084472656,23.875,2850200
2005-12-02,12.623607635498047,24.139999389648438,24.190000534057617,24.0049991607666,24.1299991607666,1767000
2005-12-05,12.581769943237305,24.059999465942383,24.225000381469727,24.014999389648438,24.139999389648438,2671600
2005-12-06,12.56870174407959,24.03499984741211,24.2450008392334,24.03499984741211,24.104999542236328,2573600
2005-12-07,12.623607635498047,24.139999389648438,24.290000915527344,24.05500030517578,24.100000381469727,3536800
2005-12-08,12.5791597366333,24.05500030517578,24.170000076293945,23.950000762939453,24.1200008392334,1776000
2005-12-09,12.589618682861328,24.075000762939453,24.274999618530273,23.989999771118164,24.174999237060547,1630600
2005-12-12,12.86415958404541,24.600000381469727,24.7450008392334,24.059999465942383,24.1299991607666,5893400
2005-12-13,13.031498908996582,24.920000076293945,25.049999237060547,24.5,24.549999237060547,7612800
2005-12-14,13.081178665161133,25.014999389648438,25.2450008392334,24.924999237060547,24.924999237060547,3838400
2005-12-15,12.953052520751953,24.770000457763672,25.06999969482422,24.770000457763672,25.0049991607666,4374800
2005-12-16,13.007966995239258,24.875,24.9950008392334,24.684999465942383,24.924999237060547,5606400
2005-12-19,12.942601203918457,24.75,25.0,24.690000534057617,24.899999618530273,2323200
2005-12-20,12.89814567565918,24.665000915527344,24.844999313354492,24.594999313354492,24.815000534057617,1933800
2005-12-21,12.903375625610352,24.674999237060547,24.84000015258789,24.579999923706055,24.665000915527344,1701600
2005-12-22,13.099479675292969,25.049999237060547,25.084999084472656,24.80500030517578,24.875,6542000
2005-12-23,12.984432220458984,24.829999923706055,24.9950008392334,24.770000457763672,24.9950008392334,3039000
2005-12-27,13.007966995239258,24.875,25.020000457763672,24.815000534057617,24.834999084472656,3665800
2005-12-28,13.04195499420166,24.940000534057617,25.0,24.809999465942383,24.975000381469727,2309400
2005-12-29,13.049798011779785,24.954999923706055,24.975000381469727,24.84000015258789,24.899999618530273,1976400
2005-12-30,12.895537376403809,24.65999984741211,24.899999618530273,24.65999984741211,24.899999618530273,2266600
2006-01-03,12.963516235351562,24.790000915527344,24.795000076293945,24.55500030517578,24.760000228881836,3859400
2006-01-04,13.070718765258789,24.9950008392334,25.014999389648438,24.764999389648438,24.875,3785200
2006-01-05,13.0001220703125,24.860000610351562,25.049999237060547,24.719999313354492,25.0,2844400
2006-01-06,13.092263221740723,24.864999771118164,24.954999923706055,24.739999771118164,24.799999237060547,3911200
2006-01-09,13.094901084899902,24.8700008392334,24.959999084472656,24.799999237060547,24.889999389648438,3216200
2006-01-10,13.12648868560791,24.93000030517578,24.934999465942383,24.7549991607666,24.854999542236328,1812200
2006-01-11,13.213371276855469,25.094999313354492,25.139999389648438,24.975000381469727,24.975000381469727,4580000
2006-01-12,13.155450820922852,24.985000610351562,25.079999923706055,24.924999237060547,25.049999237060547,2309800
2006-01-13,13.152806282043457,24.979999542236328,25.049999237060547,24.889999389648438,25.030000686645508,2577200
2006-01-17,13.031715393066406,24.75,25.030000686645508,24.719999313354492,24.950000762939453,4380000
2006-01-18,13.13702392578125,24.950000762939453,25.010000228881836,24.75,24.75,2432200
2006-01-19,13.12385082244873,24.924999237060547,25.040000915527344,24.829999923706055,25.040000915527344,3017400
2006-01-20,12.960631370544434,24.614999771118164,24.959999084472656,24.59000015258789,24.950000762939453,3309000
2006-01-23,12.865856170654297,24.434999465942383,24.8700008392334,24.399999618530273,24.71500015258789,2906400
2006-01-24,12.836896896362305,24.3799991607666,24.545000076293945,24.274999618530273,24.434999465942383,1835800
2006-01-25,12.805304527282715,24.31999969482422,24.4950008392334,24.274999618530273,24.399999618530273,3327000
2006-01-26,12.7052640914917,24.1299991607666,24.7450008392334,24.059999465942383,24.7450008392334,2885200
2006-01-27,12.836896896362305,24.3799991607666,24.454999923706055,24.014999389648438,24.09000015258789,2095400
2006-01-30,12.855326652526855,24.415000915527344,24.479999542236328,24.290000915527344,24.424999237060547,1649600
2006-01-31,12.797403335571289,24.30500030517578,24.440000534057617,24.190000534057617,24.375,2920800
2006-02-01,12.828998565673828,24.364999771118164,24.56999969482422,24.274999618530273,24.299999237060547,2642600
2006-02-02,12.7421236038208,24.200000762939453,24.4950008392334,24.190000534057617,24.424999237060547,2379200
2006-02-03,12.520974159240723,23.780000686645508,24.225000381469727,23.704999923706055,24.200000762939453,3639200
2006-02-06,12.505182266235352,23.75,24.024999618530273,23.7450008392334,23.899999618530273,4720800
2006-02-07,12.505182266235352,23.75,23.924999237060547,23.75,23.764999389648438,3133600
2006-02-08,12.436731338500977,23.6200008392334,23.764999389648438,23.575000762939453,23.739999771118164,4419400
2006-02-09,12.439367294311523,23.625,23.69499969482422,23.524999618530273,23.69499969482422,5261000
2006-02-10,12.50781536102295,23.7549991607666,23.825000762939453,23.56999969482422,23.56999969482422,5873200
2006-02-13,12.544670104980469,23.825000762939453,23.8799991607666,23.68000030517578,23.84000015258789,3632200
2006-02-14,12.544670104980469,23.825000762939453,23.864999771118164,23.75,23.799999237060547,5007200
2006-02-15,12.631549835205078,23.989999771118164,24.079999923706055,23.80500030517578,23.834999084472656,2773600
2006-02-16,12.789509773254395,24.290000915527344,24.290000915527344,23.905000686645508,24.0,4076000
2006-02-17,12.884289741516113,24.469999313354492,24.575000762939453,24.15999984741211,24.31999969482422,4157000
2006-02-21,12.86322021484375,24.43000030517578,24.594999313354492,24.375,24.4950008392334,3318200
2006-02-22,12.847424507141113,24.399999618530273,24.639999389648438,24.344999313354492,24.5,4603800
2006-02-23,12.931672096252441,24.559999465942383,24.684999465942383,24.3799991607666,24.450000762939453,2995800
2006-02-24,13.071208000183105,24.825000762939453,24.875,24.514999389648438,24.565000534057617,2291400
2006-02-27,13.023816108703613,24.735000610351562,24.84000015258789,24.559999465942383,24.729999542236328,2982000
2006-02-28,12.965890884399414,24.625,24.704999923706055,24.55500030517578,24.625,3107600
2006-03-01,12.905344009399414,24.510000228881836,24.645000457763672,24.469999313354492,24.600000381469727,3702800
2006-03-02,12.947470664978027,24.59000015258789,24.649999618530273,24.424999237060547,24.5,2381400
2006-03-03,12.855326652526855,24.415000915527344,24.600000381469727,24.389999389648438,24.5,2077400
2006-03-06,12.83163070678711,24.3700008392334,24.514999389648438,24.299999237060547,24.325000762939453,1970600
2006-03-07,12.850059509277344,24.405000686645508,24.520000457763672,24.295000076293945,24.325000762939453,2834200
2006-03-08,12.889554023742676,24.479999542236328,24.514999389648438,24.299999237060547,24.364999771118164,3081200
2006-03-09,12.852693557739258,24.40999984741211,24.4950008392334,24.34000015258789,24.424999237060547,2930600
2006-03-10,12.860586166381836,24.424999237060547,24.524999618530273,24.354999542236328,24.385000228881836,1908800
2006-03-13,12.834266662597656,24.375,24.545000076293945,24.364999771118164,24.450000762939453,3203600
2006-03-14,12.879020690917969,24.459999084472656,24.514999389648438,24.2549991607666,24.334999084472656,2637200
2006-03-15,12.915874481201172,24.530000686645508,24.600000381469727,24.424999237060547,24.434999465942383,3103600
2006-03-16,12.89481258392334,24.489999771118164,24.65999984741211,24.434999465942383,24.600000381469727,2631600
2006-03-17,12.986964225769043,24.665000915527344,24.684999465942383,24.5,24.59000015258789,3272400
2006-03-20,12.992227554321289,24.674999237060547,24.75,24.5049991607666,24.700000762939453,1862800
2006-03-21,12.955367088317871,24.604999542236328,24.610000610351562,24.299999237060547,24.549999237060547,3555000
2006-03-22,13.158082962036133,24.989999771118164,24.9950008392334,24.524999618530273,24.575000762939453,3693400
2006-03-23,13.223895072937012,25.114999771118164,25.225000381469727,24.889999389648438,25.0,5214000
2006-03-24,13.334468841552734,25.325000762939453,25.364999771118164,25.065000534057617,25.114999771118164,4437600
2006-03-27,13.3134126663208,25.28499984741211,25.344999313354492,24.954999923706055,25.25,6249200
2006-03-28,13.305509567260742,25.270000457763672,25.399999618530273,25.239999771118164,25.329999923706055,3477200
2006-03-29,13.387127876281738,25.424999237060547,25.485000610351562,25.270000457763672,25.270000457763672,2999200
2006-03-30,13.323939323425293,25.30500030517578,25.415000915527344,25.229999542236328,25.364999771118164,2809400
2006-03-31,13.34237003326416,25.34000015258789,25.43000030517578,25.204999923706055,25.299999237060547,3268200
2006-04-03,13.400288581848145,25.450000762939453,25.524999618530273,25.354999542236328,25.3799991607666,4249600
2006-04-04,13.337102890014648,25.329999923706055,25.415000915527344,25.204999923706055,25.399999618530273,3458400
2006-04-05,13.36343002319336,25.3799991607666,25.475000381469727,25.299999237060547,25.329999923706055,2392600
2006-04-06,13.31837272644043,25.125,25.30500030517578,25.065000534057617,25.204999923706055,3036800
2006-04-07,13.273313522338867,25.040000915527344,25.239999771118164,24.934999465942383,25.049999237060547,2064800
2006-04-10,13.278620719909668,25.049999237060547,25.104999542236328,24.905000686645508,25.040000915527344,1524200
2006-04-11,13.063934326171875,24.645000457763672,25.155000686645508,24.579999923706055,25.020000457763672,2728400
2006-04-12,13.074538230895996,24.665000915527344,24.93000030517578,24.665000915527344,24.704999923706055,2181000
2006-04-13,12.891657829284668,24.31999969482422,24.600000381469727,24.31999969482422,24.600000381469727,2486800
2006-04-17,12.965864181518555,24.459999084472656,24.655000686645508,24.299999237060547,24.350000381469727,2118000
2006-04-18,12.976466178894043,24.479999542236328,24.59000015258789,24.40999984741211,24.549999237060547,3581200
2006-04-19,13.000320434570312,24.524999618530273,24.614999771118164,24.479999542236328,24.5,2769200
2006-04-20,13.000320434570312,24.524999618530273,24.709999084472656,24.510000228881836,24.594999313354492,2832800
2006-04-21,12.973817825317383,24.475000381469727,24.600000381469727,24.399999618530273,24.530000686645508,2591400
2006-04-24,12.915514945983887,24.364999771118164,24.459999084472656,24.280000686645508,24.434999465942383,3714200
2006-04-25,13.018874168395996,24.559999465942383,24.68000030517578,24.299999237060547,24.395000457763672,3275400
2006-04-26,12.973817825317383,24.475000381469727,24.719999313354492,24.395000457763672,24.649999618530273,2940800
2006-04-27,13.050678253173828,24.6200008392334,24.69499969482422,24.364999771118164,24.399999618530273,3238800
2006-04-28,13.077181816101074,24.670000076293945,24.774999618530273,24.540000915527344,24.674999237060547,5726800
2006-05-01,13.252111434936523,25.0,25.100000381469727,24.645000457763672,24.649999618530273,3708200
2006-05-02,13.201753616333008,24.905000686645508,25.149999618530273,24.84000015258789,25.075000762939453,3264600
2006-05-03,13.14079475402832,24.790000915527344,24.940000534057617,24.764999389648438,24.860000610351562,2750600
2006-05-04,13.14344596862793,24.795000076293945,24.915000915527344,24.75,24.780000686645508,2640400
2006-05-05,13.169952392578125,24.844999313354492,24.94499969482422,24.760000228881836,24.864999771118164,3335200
2006-05-08,13.252111434936523,25.0,25.114999771118164,24.80500030517578,24.844999313354492,2966400
2006-05-09,13.228259086608887,24.954999923706055,25.100000381469727,24.860000610351562,24.979999542236328,1785200
2006-05-10,13.199109077453613,24.899999618530273,25.0,24.799999237060547,24.924999237060547,2181800
2006-05-11,12.987070083618164,24.5,24.899999618530273,24.479999542236328,24.875,3384200
2006-05-12,12.979121208190918,24.485000610351562,24.69499969482422,24.43000030517578,24.530000686645508,3314000
2006-05-15,13.196459770202637,24.895000457763672,24.899999618530273,24.40999984741211,24.5,2625000
2006-05-16,13.169952392578125,24.844999313354492,24.954999923706055,24.729999542236328,24.899999618530273,2831600
2006-05-17,13.159348487854004,24.825000762939453,25.020000457763672,24.684999465942383,24.75,3299800
2006-05-18,13.151397705078125,24.809999465942383,25.0,24.65999984741211,24.795000076293945,2869600
2006-05-19,13.132842063903809,24.774999618530273,24.969999313354492,24.68000030517578,24.885000228881836,2846600
2006-05-22,13.188499450683594,24.8799991607666,25.049999237060547,24.600000381469727,24.700000762939453,2702600
2006-05-23,13.313072204589844,25.114999771118164,25.15999984741211,24.875,24.8799991607666,8011600
2006-05-24,13.413790702819824,25.30500030517578,25.375,25.049999237060547,25.114999771118164,7938800
2006-05-25,13.806050300598145,26.045000076293945,26.059999465942383,25.315000534057617,25.385000228881836,8532800
2006-05-26,13.726540565490723,25.895000457763672,26.079999923706055,25.774999618530273,25.950000762939453,3826000
2006-05-30,13.70533561706543,25.854999542236328,26.0049991607666,25.7549991607666,25.790000915527344,3237800
2006-05-31,13.753040313720703,25.94499969482422,25.975000381469727,25.770000457763672,25.815000534057617,3005400
2006-06-01,13.731842994689941,25.905000686645508,26.0049991607666,25.760000228881836,25.885000228881836,2585600
2006-06-02,13.755693435668945,25.950000762939453,26.145000457763672,25.799999237060547,25.8700008392334,3520400
2006-06-05,13.58872127532959,25.635000228881836,25.950000762939453,25.479999542236328,25.600000381469727,3009800
2006-06-06,13.700035095214844,25.844999313354492,25.924999237060547,25.56999969482422,25.719999313354492,2391400
2006-06-07,13.66027545928955,25.770000457763672,25.905000686645508,25.69499969482422,25.834999084472656,2445200
2006-06-08,13.66027545928955,25.770000457763672,25.815000534057617,25.334999084472656,25.770000457763672,3738000
2006-06-09,13.570158958435059,25.600000381469727,25.7549991607666,25.4950008392334,25.719999313354492,2452800
2006-06-12,13.535704612731934,25.53499984741211,25.780000686645508,25.53499984741211,25.670000076293945,2322000
2006-06-13,13.458843231201172,25.389999389648438,25.670000076293945,25.270000457763672,25.56999969482422,4379800
2006-06-14,13.63907241821289,25.729999542236328,25.84000015258789,25.415000915527344,25.424999237060547,4568000
2006-06-15,13.472102165222168,25.415000915527344,25.5,24.90999984741211,25.4950008392334,7565600
2006-06-16,13.36873722076416,25.219999313354492,25.649999618530273,25.155000686645508,25.469999313354492,5462600
2006-06-19,13.10633659362793,24.725000381469727,25.479999542236328,24.635000228881836,25.299999237060547,7574600
2006-06-20,13.23885440826416,24.975000381469727,25.014999389648438,24.655000686645508,24.799999237060547,5912400
2006-06-21,13.360780715942383,25.204999923706055,25.309999465942383,24.950000762939453,24.975000381469727,3146000
2006-06-22,13.599318504333496,25.655000686645508,25.770000457763672,25.450000762939453,25.549999237060547,5327000
2006-06-23,13.546308517456055,25.55500030517578,25.75,25.395000457763672,25.559999465942383,2961800
2006-06-26,13.649676322937012,25.75,25.75,25.510000228881836,25.55500030517578,1990600
2006-06-27,13.514506340026855,25.4950008392334,25.790000915527344,25.475000381469727,25.700000762939453,4043200
2006-06-28,13.63907241821289,25.729999542236328,25.7450008392334,25.454999923706055,25.5,5603000
2006-06-29,13.715934753417969,25.875,25.895000457763672,25.334999084472656,25.649999618530273,7751200
2006-06-30,13.692084312438965,25.829999923706055,26.575000762939453,25.829999923706055,25.94499969482422,8880000
2006-07-03,13.7477388381958,25.934999465942383,26.075000762939453,25.834999084472656,25.875,2044000
2006-07-05,13.768942832946777,25.975000381469727,26.020000457763672,25.764999389648438,25.940000534057617,5610800
2006-07-06,13.614181518554688,25.510000228881836,26.010000228881836,25.489999771118164,25.81999969482422,6344000
2006-07-07,13.867680549621582,25.985000610351562,26.06999969482422,25.385000228881836,25.600000381469727,6006200
2006-07-10,14.041122436523438,26.309999465942383,26.424999237060547,25.8799991607666,25.969999313354492,4981400
2006-07-11,14.086487770080566,26.395000457763672,26.420000076293945,26.045000076293945,26.274999618530273,4225400
2006-07-12,13.97174072265625,26.18000030517578,26.5049991607666,26.125,26.375,4893600
2006-07-13,13.937057495117188,26.114999771118164,26.2549991607666,25.9950008392334,25.9950008392334,5466400
2006-07-14,13.851669311523438,25.954999923706055,26.18000030517578,25.924999237060547,26.075000762939453,3028200
2006-07-17,13.910370826721191,26.065000534057617,26.235000610351562,25.959999084472656,25.969999313354492,2404600
2006-07-18,13.982421875,26.200000762939453,26.2549991607666,25.954999923706055,26.065000534057617,3916200
2006-07-19,14.05179214477539,26.329999923706055,26.479999542236328,26.100000381469727,26.309999465942383,4120800
2006-07-20,13.982421875,26.200000762939453,26.415000915527344,26.145000457763672,26.274999618530273,3377000
2006-07-21,13.787625312805176,25.834999084472656,26.309999465942383,25.80500030517578,26.309999465942383,4663600
2006-07-24,13.782289505004883,25.825000762939453,25.934999465942383,25.68000030517578,25.875,4552000
2006-07-25,13.92638111114502,26.094999313354492,26.165000915527344,25.670000076293945,25.774999618530273,6603200
2006-07-26,13.958403587341309,26.155000686645508,26.290000915527344,26.010000228881836,26.110000610351562,2989000
2006-07-27,13.878345489501953,26.0049991607666,26.315000534057617,25.969999313354492,26.15999984741211,6760400
2006-07-28,13.963739395141602,26.165000915527344,26.225000381469727,25.9950008392334,26.100000381469727,2536000
2006-07-31,13.848995208740234,25.950000762939453,26.229999542236328,25.899999618530273,26.125,2135800
2006-08-01,13.875680923461914,26.0,26.06999969482422,25.799999237060547,25.924999237060547,3163800
2006-08-02,13.862342834472656,25.975000381469727,26.174999237060547,25.924999237060547,26.0,3321400
2006-08-03,13.875680923461914,26.0,26.06999969482422,25.889999389648438,25.975000381469727,1613600
2006-08-04,13.974410057067871,26.184999465942383,26.209999084472656,25.9950008392334,26.040000915527344,2782400
2006-08-07,13.85433292388916,25.959999084472656,26.25,25.915000915527344,26.235000610351562,2432000
2006-08-08,14.18254566192627,26.575000762939453,26.600000381469727,26.020000457763672,26.05500030517578,4074400
2006-08-09,14.158534049987793,26.530000686645508,26.790000915527344,26.5,26.575000762939453,3983800
2006-08-10,14.187883377075195,26.584999084472656,26.825000762939453,26.440000534057617,26.459999084472656,3540600
2006-08-11,14.195891380310059,26.600000381469727,26.729999542236328,26.475000381469727,26.510000228881836,2098200
2006-08-14,14.235910415649414,26.674999237060547,26.84000015258789,26.549999237060547,26.549999237060547,2871000
2006-08-15,14.286615371704102,26.770000457763672,26.860000610351562,26.575000762939453,26.795000076293945,2749200
2006-08-16,14.355989456176758,26.899999618530273,26.950000762939453,26.6200008392334,26.78499984741211,2311400
2006-08-17,14.153199195861816,26.520000457763672,26.875,26.485000610351562,26.850000381469727,3500400
2006-08-18,14.230579376220703,26.665000915527344,26.700000762939453,26.364999771118164,26.55500030517578,2970400
2006-08-21,14.203895568847656,26.614999771118164,26.700000762939453,26.485000610351562,26.600000381469727,2616200
2006-08-22,14.18254566192627,26.575000762939453,26.68000030517578,26.43000030517578,26.5049991607666,3138000
2006-08-23,14.214568138122559,26.635000228881836,26.770000457763672,26.55500030517578,26.6299991607666,1908200
2006-08-24,14.286615371704102,26.770000457763672,26.860000610351562,26.530000686645508,26.674999237060547,3162200
2006-08-25,14.43871784210205,27.05500030517578,27.104999542236328,26.7450008392334,26.7549991607666,2538000
2006-08-28,14.441380500793457,27.059999465942383,27.1200008392334,26.920000076293945,27.014999389648438,2270400
2006-08-29,14.377345085144043,26.940000534057617,27.21500015258789,26.905000686645508,26.989999771118164,3865000
2006-08-30,14.484071731567383,27.139999389648438,27.235000610351562,27.024999618530273,27.100000381469727,2259400
2006-08-31,14.470735549926758,27.114999771118164,27.200000762939453,27.020000457763672,27.125,2041200
2006-09-01,14.505425453186035,27.18000030517578,27.25,27.125,27.125,1090200
2006-09-05,14.494747161865234,27.15999984741211,27.264999389648438,27.100000381469727,27.18000030517578,1512000
2006-09-06,14.529439926147461,27.225000381469727,27.274999618530273,26.9950008392334,27.06999969482422,2262200
2006-09-07,14.345316886901855,26.8799991607666,27.165000915527344,26.8799991607666,27.165000915527344,3197400
2006-09-08,14.190553665161133,26.59000015258789,26.799999237060547,26.475000381469727,26.635000228881836,5310600
2006-09-11,14.134515762329102,26.485000610351562,26.510000228881836,26.280000686645508,26.424999237060547,4620200
2006-09-12,14.09182071685791,26.405000686645508,26.520000457763672,26.079999923706055,26.334999084472656,3866600
2006-09-13,14.011775016784668,26.2549991607666,26.46500015258789,26.225000381469727,26.364999771118164,4525800
2006-09-14,13.918375968933105,26.079999923706055,26.274999618530273,26.065000534057617,26.200000762939453,4154000
2006-09-15,14.13184642791748,26.479999542236328,26.5049991607666,25.75,26.040000915527344,5656600
2006-09-18,14.06247329711914,26.350000381469727,26.545000076293945,26.299999237060547,26.309999465942383,3473600
2006-09-19,14.059797286987305,26.344999313354492,26.450000762939453,26.200000762939453,26.450000762939453,3806400
2006-09-20,14.147857666015625,26.510000228881836,26.594999313354492,26.31999969482422,26.344999313354492,2437000
2006-09-21,14.609488487243652,27.375,27.790000915527344,26.940000534057617,27.395000457763672,8600800
2006-09-22,14.74024486541748,27.6200008392334,27.639999389648438,27.2450008392334,27.274999618530273,3735600
2006-09-25,14.697548866271973,27.540000915527344,27.69499969482422,27.415000915527344,27.6200008392334,4869200
2006-09-26,14.844311714172363,27.815000534057617,27.834999084472656,27.440000534057617,27.540000915527344,4049000
2006-09-27,15.0177583694458,28.139999389648438,28.139999389648438,27.700000762939453,27.75,5097400
2006-09-28,15.151168823242188,28.389999389648438,28.5,28.010000228881836,28.125,6182800
2006-09-29,15.103147506713867,28.299999237060547,28.4950008392334,28.290000915527344,28.475000381469727,4249800
2006-10-02,15.0551118850708,28.209999084472656,28.364999771118164,28.09000015258789,28.364999771118164,3891800
2006-10-03,14.873661994934082,27.8700008392334,28.299999237060547,27.8700008392334,28.260000228881836,4364000
2006-10-04,14.967055320739746,28.045000076293945,28.190000534057617,28.010000228881836,28.075000762939453,3877200
2006-10-05,15.044929504394531,28.014999389648438,28.084999084472656,27.920000076293945,27.96500015258789,2445800
2006-10-06,14.91604232788086,27.774999618530273,28.110000610351562,27.739999771118164,27.9950008392334,3368000
2006-10-09,14.964377403259277,27.864999771118164,28.024999618530273,27.75,27.75,2909400
2006-10-10,14.972429275512695,27.8799991607666,27.9950008392334,27.674999237060547,27.8700008392334,3580400
2006-10-11,14.878448486328125,27.704999923706055,27.905000686645508,27.540000915527344,27.774999618530273,3433200
2006-10-12,14.83816909790039,27.6299991607666,27.719999313354492,27.55500030517578,27.704999923706055,3851800
2006-10-13,14.781781196594238,27.524999618530273,27.649999618530273,27.350000381469727,27.635000228881836,3732600
2006-10-16,14.854280471801758,27.65999984741211,27.670000076293945,27.389999389648438,27.475000381469727,2270400
2006-10-17,14.988533020019531,27.90999984741211,27.90999984741211,27.565000534057617,27.575000762939453,3583600
2006-10-18,15.039558410644531,28.0049991607666,28.28499984741211,27.895000457763672,27.950000762939453,3455400
2006-10-19,15.007333755493164,27.94499969482422,28.0,27.799999237060547,27.850000381469727,2353600
2006-10-20,14.980475425720215,27.895000457763672,28.170000076293945,27.825000762939453,28.110000610351562,3004600
2006-10-23,15.152332305908203,28.21500015258789,28.225000381469727,27.864999771118164,27.895000457763672,2458200
2006-10-24,15.104001998901367,28.125,28.21500015258789,27.934999465942383,28.21500015258789,2818000
2006-10-25,15.160385131835938,28.229999542236328,28.260000228881836,28.059999465942383,28.174999237060547,2845000
2006-10-26,15.149649620056152,28.209999084472656,28.235000610351562,28.0049991607666,28.174999237060547,3045400
2006-10-27,15.21141242980957,28.325000762939453,28.415000915527344,28.149999618530273,28.149999618530273,2832600
2006-10-30,15.144279479980469,28.200000762939453,28.415000915527344,28.184999465942383,28.329999923706055,1846200
2006-10-31,15.257054328918457,28.40999984741211,28.454999923706055,28.190000534057617,28.290000915527344,3463600
2006-11-01,15.21141242980957,28.325000762939453,28.475000381469727,28.084999084472656,28.475000381469727,2716000
2006-11-02,15.031503677368164,27.989999771118164,28.375,27.895000457763672,28.329999923706055,3208000
2006-11-03,15.010016441345215,27.950000762939453,28.05500030517578,27.8799991607666,28.040000915527344,3994000
2006-11-06,15.06372356414795,28.049999237060547,28.059999465942383,27.934999465942383,28.0,4253600
2006-11-07,15.044929504394531,28.014999389648438,28.170000076293945,27.985000610351562,28.139999389648438,2620400
2006-11-08,15.095941543579102,28.110000610351562,28.135000228881836,27.954999923706055,28.014999389648438,2934200
2006-11-09,15.106684684753418,28.1299991607666,28.325000762939453,28.065000534057617,28.18000030517578,2654800
2006-11-10,14.865022659301758,27.68000030517578,28.229999542236328,27.674999237060547,28.229999542236328,3039800
2006-11-13,14.924093246459961,27.790000915527344,27.905000686645508,27.665000915527344,27.665000915527344,3302800
2006-11-14,15.055670738220215,28.03499984741211,28.094999313354492,27.770000457763672,27.795000076293945,4425000
2006-11-15,15.012700080871582,27.954999923706055,28.325000762939453,27.940000534057617,28.1299991607666,3769000
2006-11-16,14.97511100769043,27.885000228881836,28.104999542236328,27.799999237060547,28.075000762939453,3754200
2006-11-17,15.173810005187988,28.2549991607666,28.2549991607666,27.799999237060547,27.8700008392334,5003600
2006-11-20,15.270477294921875,28.434999465942383,28.510000228881836,28.15999984741211,28.190000534057617,3982000
2006-11-21,15.300012588500977,28.489999771118164,28.625,28.40999984741211,28.559999465942383,2037800
2006-11-22,15.246309280395508,28.389999389648438,28.5,28.315000534057617,28.440000534057617,1415000
2006-11-24,15.21141242980957,28.325000762939453,28.44499969482422,28.28499984741211,28.395000457763672,703800
2006-11-27,15.026127815246582,27.979999542236328,28.299999237060547,27.850000381469727,28.274999618530273,2966400
2006-11-28,15.058355331420898,28.040000915527344,28.06999969482422,27.834999084472656,27.979999542236328,2327200
2006-11-29,15.036870002746582,28.0,28.139999389648438,27.834999084472656,28.0,2367400
2006-11-30,15.023441314697266,27.975000381469727,28.049999237060547,27.7549991607666,27.985000610351562,3308400
2006-12-01,15.036870002746582,28.0,28.174999237060547,27.895000457763672,28.100000381469727,2772600
2006-12-04,15.17112922668457,28.25,28.30500030517578,27.985000610351562,28.06999969482422,2079800
2006-12-05,15.364461898803711,28.610000610351562,28.655000686645508,28.299999237060547,28.375,2934800
2006-12-06,15.348345756530762,28.579999923706055,28.725000381469727,28.510000228881836,28.655000686645508,2544400
2006-12-07,15.26779556274414,28.43000030517578,28.75,28.424999237060547,28.579999923706055,2216800
2006-12-08,15.391310691833496,28.65999984741211,28.7450008392334,28.485000610351562,28.4950008392334,2326400
2006-12-11,15.348345756530762,28.579999923706055,28.770000457763672,28.520000457763672,28.649999618530273,2690400
2006-12-12,15.404738426208496,28.684999465942383,28.7450008392334,28.5,28.579999923706055,2968200
2006-12-13,15.487972259521484,28.84000015258789,28.889999389648438,28.735000610351562,28.78499984741211,2365600
2006-12-14,15.447697639465332,28.764999389648438,28.979999542236328,28.725000381469727,28.875,1441400
2006-12-15,15.479923248291016,28.825000762939453,28.825000762939453,28.5,28.75,5014000
2006-12-18,15.587328910827637,29.024999618530273,29.024999618530273,28.80500030517578,28.915000915527344,3648000
2006-12-19,15.64908218383789,29.139999389648438,29.145000457763672,28.764999389648438,28.850000381469727,2711800
2006-12-20,15.57121753692627,28.9950008392334,29.19499969482422,28.94499969482422,29.075000762939453,3624800
2006-12-21,15.828994750976562,29.475000381469727,29.614999771118164,29.19499969482422,29.350000381469727,4188000
2006-12-22,15.718901634216309,29.270000457763672,29.40999984741211,29.100000381469727,29.229999542236328,2767800
2006-12-26,15.726950645446777,29.28499984741211,29.3799991607666,29.200000762939453,29.270000457763672,1852400
2006-12-27,15.59807300567627,29.045000076293945,29.389999389648438,28.96500015258789,29.290000915527344,2294200
2006-12-28,15.560480117797852,28.975000381469727,29.149999618530273,28.905000686645508,29.045000076293945,1927200
2006-12-29,15.466495513916016,28.799999237060547,29.05500030517578,28.764999389648438,29.024999618530273,1849600
2007-01-03,15.420845985412598,28.71500015258789,28.989999771118164,28.565000534057617,28.69499969482422,3416000
2007-01-04,15.410109519958496,28.69499969482422,28.790000915527344,28.520000457763672,28.71500015258789,2771800
2007-01-05,15.297334671020508,28.485000610351562,28.68000030517578,28.454999923706055,28.649999618530273,2819200
2007-01-08,15.467606544494629,28.614999771118164,28.639999389648438,28.329999923706055,28.450000762939453,2969600
2007-01-09,15.286523818969727,28.280000686645508,28.709999084472656,28.274999618530273,28.6200008392334,4600600
2007-01-10,15.340574264526367,28.3799991607666,28.450000762939453,28.104999542236328,28.229999542236328,3635400
2007-01-11,15.489228248596191,28.655000686645508,28.764999389648438,28.315000534057617,28.360000610351562,3666400
2007-01-12,15.378413200378418,28.450000762939453,28.725000381469727,28.415000915527344,28.68000030517578,3151200
2007-01-16,15.291932106018066,28.290000915527344,28.440000534057617,28.05500030517578,28.399999618530273,3213600
2007-01-17,15.297340393066406,28.299999237060547,28.440000534057617,28.200000762939453,28.440000534057617,2459800
2007-01-18,15.273009300231934,28.2549991607666,28.69499969482422,28.040000915527344,28.69499969482422,3502000
2007-01-19,15.310853004455566,28.325000762939453,28.364999771118164,28.15999984741211,28.25,2502800
2007-01-22,15.34868335723877,28.395000457763672,28.55500030517578,28.200000762939453,28.2549991607666,3239800
2007-01-23,15.30003833770752,28.30500030517578,28.395000457763672,28.135000228881836,28.315000534057617,3750400
2007-01-24,15.278412818908691,28.264999389648438,28.405000686645508,28.145000457763672,28.30500030517578,3347800
2007-01-25,15.345978736877441,28.389999389648438,28.514999389648438,28.350000381469727,28.475000381469727,3067200
2007-01-26,15.283814430236816,28.274999618530273,28.485000610351562,28.184999465942383,28.3799991607666,1770200
2007-01-29,15.343276023864746,28.385000228881836,28.584999084472656,28.155000686645508,28.325000762939453,3001400
2007-01-30,15.478407859802246,28.635000228881836,28.760000228881836,28.405000686645508,28.645000457763672,3215400
2007-01-31,15.470303535461426,28.6200008392334,28.690000534057617,28.450000762939453,28.545000076293945,2387800
2007-02-01,15.52706241607666,28.725000381469727,28.725000381469727,28.450000762939453,28.610000610351562,3062400
2007-02-02,15.489228248596191,28.655000686645508,28.764999389648438,28.53499984741211,28.739999771118164,1766200
2007-02-05,15.44867992401123,28.579999923706055,28.655000686645508,28.434999465942383,28.579999923706055,2135400
2007-02-06,15.459491729736328,28.600000381469727,28.65999984741211,28.485000610351562,28.56999969482422,2447800
2007-02-07,15.335172653198242,28.3700008392334,28.649999618530273,28.31999969482422,28.53499984741211,3610800
2007-02-08,15.345978736877441,28.389999389648438,28.434999465942383,28.139999389648438,28.3700008392334,3712600
2007-02-09,15.413546562194824,28.514999389648438,28.524999618530273,28.315000534057617,28.395000457763672,2219200
2007-02-12,15.38651180267334,28.46500015258789,28.735000610351562,28.405000686645508,28.520000457763672,1813000
2007-02-13,15.470303535461426,28.6200008392334,28.78499984741211,28.440000534057617,28.440000534057617,1990800
2007-02-14,15.491924285888672,28.65999984741211,28.7549991607666,28.59000015258789,28.670000076293945,2713000
2007-02-15,15.543275833129883,28.7549991607666,28.799999237060547,28.524999618530273,28.600000381469727,2070200
2007-02-16,15.700031280517578,29.045000076293945,29.049999237060547,28.71500015258789,28.7549991607666,3303000
2007-02-20,15.654090881347656,28.959999084472656,29.125,28.75,28.96500015258789,3055400
2007-02-21,15.54057502746582,28.75,29.020000457763672,28.725000381469727,28.895000457763672,2713400
2007-02-22,15.602744102478027,28.864999771118164,28.899999618530273,28.665000915527344,28.690000534057617,3845200
2007-02-23,15.45408821105957,28.59000015258789,28.864999771118164,28.424999237060547,28.809999465942383,3349600
2007-02-26,15.62165355682373,28.899999618530273,28.934999465942383,28.6299991607666,28.665000915527344,2210600
2007-02-27,15.305438041687012,28.315000534057617,29.165000915527344,27.28499984741211,28.905000686645508,5669600
2007-02-28,15.221658706665039,28.15999984741211,28.600000381469727,28.09000015258789,28.325000762939453,5487400
2007-03-01,15.1676025390625,28.059999465942383,28.21500015258789,27.860000610351562,28.100000381469727,4067400
2007-03-02,15.000033378601074,27.75,28.165000915527344,27.75,27.954999923706055,2125000
2007-03-05,15.091925621032715,27.920000076293945,28.100000381469727,27.575000762939453,27.68000030517578,3390000
2007-03-06,15.116253852844238,27.96500015258789,28.045000076293945,27.844999313354492,28.020000457763672,3217000
2007-03-07,14.837865829467773,27.450000762939453,27.93000030517578,27.44499969482422,27.864999771118164,5047200
2007-03-08,14.908141136169434,27.579999923706055,27.774999618530273,27.540000915527344,27.645000457763672,3425400
2007-03-09,14.918944358825684,27.600000381469727,27.735000610351562,27.530000686645508,27.594999313354492,3091400
2007-03-12,15.164895057678223,28.05500030517578,28.114999771118164,27.600000381469727,27.600000381469727,4908400
2007-03-13,14.875702857971191,27.520000457763672,28.0,27.510000228881836,27.940000534057617,3008400
2007-03-14,14.951383590698242,27.65999984741211,27.739999771118164,27.354999542236328,27.520000457763672,3589800
2007-03-15,15.18652057647705,28.094999313354492,28.1200008392334,27.674999237060547,27.690000534057617,5088400
2007-03-16,15.156792640686035,28.040000915527344,28.165000915527344,27.985000610351562,28.094999313354492,4575000
2007-03-19,15.262197494506836,28.235000610351562,28.2450008392334,28.049999237060547,28.170000076293945,2130600
2007-03-20,15.505437850952148,28.684999465942383,28.69499969482422,28.170000076293945,28.184999465942383,3981000
2007-03-21,15.643278121948242,28.940000534057617,28.959999084472656,28.575000762939453,28.81999969482422,3349400
2007-03-22,15.762194633483887,29.15999984741211,29.44499969482422,29.0,29.174999237060547,5721000
2007-03-23,15.727058410644531,29.094999313354492,29.360000610351562,28.975000381469727,29.25,3651000
2007-03-26,15.6378755569458,28.93000030517578,29.059999465942383,28.729999542236328,29.03499984741211,3253200
2007-03-27,15.50273323059082,28.68000030517578,28.850000381469727,28.579999923706055,28.80500030517578,3185000
2007-03-28,15.573006629943848,28.809999465942383,28.8799991607666,28.610000610351562,28.704999923706055,3454800
2007-03-29,15.654090881347656,28.959999084472656,29.0,28.739999771118164,28.934999465942383,3675200
2007-03-30,15.735173225402832,29.110000610351562,29.2450008392334,28.645000457763672,29.049999237060547,4057600
2007-04-02,15.662195205688477,28.975000381469727,29.170000076293945,28.7549991607666,29.0,5201000
2007-04-03,15.791926383972168,29.21500015258789,29.25,28.979999542236328,29.05500030517578,3773400
2007-04-04,15.937871932983398,29.485000610351562,29.520000457763672,29.15999984741211,29.25,5267200
2007-04-05,15.978670120239258,29.375,29.420000076293945,29.190000534057617,29.28499984741211,3202400
2007-04-09,15.924275398254395,29.274999618530273,29.424999237060547,29.200000762939453,29.375,1769800
2007-04-10,16.00859260559082,29.43000030517578,29.475000381469727,29.170000076293945,29.209999084472656,3909600
2007-04-11,15.96235179901123,29.344999313354492,29.4950008392334,29.295000076293945,29.43000030517578,4839000
2007-04-12,15.910675048828125,29.25,29.299999237060547,29.114999771118164,29.274999618530273,4206000
2007-04-13,15.90523624420166,29.239999771118164,29.315000534057617,29.155000686645508,29.200000762939453,3334600
2007-04-16,15.937875747680664,29.299999237060547,29.375,29.25,29.28499984741211,3450400
2007-04-17,16.098344802856445,29.594999313354492,29.655000686645508,29.2450008392334,29.299999237060547,6314000
2007-04-18,16.01947021484375,29.450000762939453,29.6200008392334,29.434999465942383,29.514999389648438,4576800
2007-04-19,16.03849983215332,29.485000610351562,29.80500030517578,29.354999542236328,29.80500030517578,5188800
2007-04-20,16.079294204711914,29.559999465942383,29.700000762939453,29.5,29.700000762939453,5434200
2007-04-23,16.1989688873291,29.780000686645508,29.895000457763672,29.524999618530273,29.524999618530273,5617800
2007-04-24,16.18537139892578,29.7549991607666,29.920000076293945,29.3700008392334,29.3700008392334,4578000
2007-04-25,16.29144859313965,29.950000762939453,30.0,29.809999465942383,29.885000228881836,6656800
2007-04-26,16.321361541748047,30.0049991607666,30.040000915527344,29.81999969482422,29.854999542236328,6597600
2007-04-27,16.34039878845215,30.040000915527344,30.114999771118164,29.645000457763672,29.645000457763672,5243000
2007-04-30,16.29144859313965,29.950000762939453,30.239999771118164,29.90999984741211,30.1299991607666,6295400
2007-05-01,16.345844268798828,30.049999237060547,30.059999465942383,29.834999084472656,30.024999618530273,4813000
2007-05-02,16.28328514099121,29.934999465942383,30.15999984741211,29.920000076293945,30.100000381469727,5126200
2007-05-03,16.160900115966797,29.709999084472656,30.014999389648438,29.684999465942383,29.940000534057617,4161600
2007-05-04,16.17177391052246,29.729999542236328,29.875,29.610000610351562,29.84000015258789,3345000
2007-05-07,16.242490768432617,29.860000610351562,29.924999237060547,29.790000915527344,29.854999542236328,3033800
2007-05-08,16.24521255493164,29.864999771118164,29.94499969482422,29.639999389648438,29.674999237060547,2911400
2007-05-09,16.269685745239258,29.90999984741211,30.0,29.704999923706055,29.75,2464600
2007-05-10,16.242490768432617,29.860000610351562,29.920000076293945,29.704999923706055,29.850000381469727,3414600
2007-05-11,16.226171493530273,29.829999923706055,29.915000915527344,29.75,29.770000457763672,4027800
2007-05-14,16.30504608154297,29.975000381469727,30.190000534057617,29.7549991607666,29.790000915527344,3356000
2007-05-15,16.41383171081543,30.174999237060547,30.295000076293945,29.94499969482422,30.0,3417000
2007-05-16,16.5199031829834,30.3700008392334,30.3700008392334,30.1299991607666,30.344999313354492,3025800
2007-05-17,16.40023422241211,30.149999618530273,30.315000534057617,30.139999389648438,30.25,3495800
2007-05-18,16.58246612548828,30.485000610351562,30.5,30.225000381469727,30.25,2836200
2007-05-21,16.549819946289062,30.424999237060547,30.485000610351562,30.299999237060547,30.389999389648438,2303600
2007-05-22,16.563419342041016,30.450000762939453,30.5,30.325000762939453,30.469999313354492,2328000
2007-05-23,16.362157821655273,30.079999923706055,30.55500030517578,29.9950008392334,30.350000381469727,4149400
2007-05-24,16.364879608154297,30.084999084472656,30.30500030517578,30.040000915527344,30.1299991607666,4530200
2007-05-25,16.35943603515625,30.075000762939453,30.200000762939453,30.0049991607666,30.084999084472656,3279400
2007-05-29,16.46006965637207,30.260000228881836,30.280000686645508,30.045000076293945,30.065000534057617,3297400
2007-05-30,16.416547775268555,30.18000030517578,30.264999389648438,30.100000381469727,30.1200008392334,3592400
2007-05-31,16.6558895111084,30.6200008392334,30.655000686645508,30.209999084472656,30.235000610351562,4784800
2007-06-01,16.683090209960938,30.670000076293945,30.68000030517578,30.5,30.549999237060547,3146000
2007-06-04,16.71845054626465,30.735000610351562,30.760000228881836,30.5049991607666,30.600000381469727,2346200
2007-06-05,16.15545654296875,29.700000762939453,30.219999313354492,29.55500030517578,30.174999237060547,7182600
2007-06-06,16.16905403137207,29.725000381469727,29.809999465942383,29.549999237060547,29.600000381469727,7503400
2007-06-07,15.989548683166504,29.395000457763672,29.770000457763672,29.364999771118164,29.600000381469727,5778200
2007-06-08,16.101062774658203,29.600000381469727,29.614999771118164,29.229999542236328,29.30500030517578,3936600
2007-06-11,16.190814971923828,29.764999389648438,29.809999465942383,29.454999923706055,29.645000457763672,2630400
2007-06-12,16.084741592407227,29.56999969482422,29.7450008392334,29.405000686645508,29.649999618530273,3710600
2007-06-13,16.193525314331055,29.770000457763672,29.770000457763672,29.46500015258789,29.610000610351562,4239400
2007-06-14,16.14185333251953,29.674999237060547,29.764999389648438,29.604999542236328,29.7450008392334,3449000
2007-06-15,16.209848403930664,29.799999237060547,30.049999237060547,29.760000228881836,29.875,4822000
2007-06-18,16.296884536743164,29.959999084472656,30.09000015258789,29.799999237060547,29.799999237060547,3740200
2007-06-19,16.277847290039062,29.924999237060547,29.969999313354492,29.799999237060547,29.860000610351562,3065800
2007-06-20,16.0629825592041,29.530000686645508,29.975000381469727,29.530000686645508,29.924999237060547,2618800
2007-06-21,16.073862075805664,29.549999237060547,29.69499969482422,29.5,29.530000686645508,3514000
2007-06-22,15.899800300598145,29.229999542236328,29.639999389648438,29.190000534057617,29.450000762939453,5553800
2007-06-25,15.989548683166504,29.395000457763672,29.55500030517578,29.290000915527344,29.325000762939453,4213200
2007-06-26,16.125539779663086,29.645000457763672,29.739999771118164,29.3700008392334,29.469999313354492,4303000
2007-06-27,16.16905403137207,29.725000381469727,29.739999771118164,29.440000534057617,29.5,3240200
2007-06-28,15.848116874694824,29.135000228881836,29.645000457763672,29.104999542236328,29.434999465942383,5792800
2007-06-29,15.888919830322266,29.209999084472656,29.46500015258789,29.020000457763672,29.389999389648438,4093800
2007-07-02,16.01947021484375,29.450000762939453,29.524999618530273,29.25,29.299999237060547,4707200
2007-07-03,16.00859260559082,29.43000030517578,29.485000610351562,29.229999542236328,29.450000762939453,2503200
2007-07-05,15.94331169128418,29.309999465942383,29.575000762939453,29.28499984741211,29.360000610351562,3529600
2007-07-06,15.872129440307617,28.985000610351562,29.145000457763672,28.889999389648438,29.145000457763672,5548800
2007-07-09,15.959739685058594,29.145000457763672,29.229999542236328,28.975000381469727,29.09000015258789,4244600
2007-07-10,15.858438491821289,28.959999084472656,29.19499969482422,28.940000534057617,29.0,4812200
2007-07-11,15.866647720336914,28.975000381469727,29.165000915527344,28.825000762939453,28.954999923706055,5428200
2007-07-12,16.167829513549805,29.524999618530273,29.55500030517578,28.905000686645508,29.0,4843000
2007-07-13,16.206159591674805,29.594999313354492,29.725000381469727,29.28499984741211,29.440000534057617,4394800
2007-07-16,16.066524505615234,29.34000015258789,29.510000228881836,29.2450008392334,29.5,5667600
2007-07-17,15.973430633544922,29.170000076293945,29.43000030517578,29.165000915527344,29.415000915527344,5980800
2007-07-18,16.074729919433594,29.354999542236328,29.424999237060547,28.979999542236328,29.145000457763672,6649800
2007-07-19,16.110332489013672,29.420000076293945,29.540000915527344,29.200000762939453,29.350000381469727,5616800
2007-07-20,16.00902557373047,29.235000610351562,29.485000610351562,29.174999237060547,29.450000762939453,6168400
2007-07-23,15.951519966125488,29.1299991607666,29.364999771118164,29.094999313354492,29.329999923706055,5069600
2007-07-24,15.647614479064941,28.575000762939453,29.0,28.5,28.950000762939453,9693800
2007-07-25,15.562732696533203,28.420000076293945,28.764999389648438,28.1299991607666,28.760000228881836,10474200
2007-07-26,15.225961685180664,27.80500030517578,28.260000228881836,27.674999237060547,28.25,11203600
2007-07-27,15.217745780944824,27.790000915527344,28.184999465942383,27.579999923706055,27.684999465942383,8970000
2007-07-30,15.398455619812012,28.1200008392334,28.18000030517578,27.75,27.825000762939453,7156000
2007-07-31,15.228696823120117,27.809999465942383,28.274999618530273,27.809999465942383,28.06999969482422,5356800
2007-08-01,15.360122680664062,28.049999237060547,28.184999465942383,27.530000686645508,27.65999984741211,6220000
2007-08-02,15.35738468170166,28.045000076293945,28.190000534057617,27.920000076293945,28.1299991607666,3002800
2007-08-03,15.215003967285156,27.78499984741211,28.219999313354492,27.65999984741211,27.665000915527344,5819800
2007-08-06,15.727007865905762,28.719999313354492,28.735000610351562,27.844999313354492,27.905000686645508,5772000
2007-08-07,15.713321685791016,28.69499969482422,28.979999542236328,28.375,28.579999923706055,5197400
2007-08-08,15.584632873535156,28.459999084472656,28.834999084472656,28.2549991607666,28.584999084472656,7674400
2007-08-09,15.015130996704102,27.420000076293945,28.614999771118164,27.389999389648438,28.200000762939453,8076000
2007-08-10,15.152037620544434,27.670000076293945,27.844999313354492,27.084999084472656,27.235000610351562,12666800
2007-08-13,15.173932075500488,27.709999084472656,28.065000534057617,27.674999237060547,27.850000381469727,7689600
2007-08-14,15.332738876342773,28.0,28.290000915527344,27.799999237060547,27.8700008392334,7202200
2007-08-15,15.190364837646484,27.739999771118164,28.2450008392334,27.655000686645508,28.014999389648438,4135000
2007-08-16,15.204056739807129,27.764999389648438,27.959999084472656,27.274999618530273,27.84000015258789,6112200
2007-08-17,15.27524185180664,27.895000457763672,28.5,27.635000228881836,28.399999618530273,5533800
2007-08-20,15.201316833496094,27.760000228881836,28.1200008392334,27.735000610351562,27.959999084472656,3151400
2007-08-21,15.272501945495605,27.889999389648438,28.094999313354492,27.59000015258789,27.59000015258789,3606000
2007-08-22,15.535350799560547,28.3700008392334,28.44499969482422,27.989999771118164,28.045000076293945,4760400
2007-08-23,15.551774978637695,28.399999618530273,28.639999389648438,28.270000457763672,28.6200008392334,2909200
2007-08-24,15.691417694091797,28.655000686645508,28.875,28.229999542236328,28.290000915527344,3333400
2007-08-27,15.699636459350586,28.670000076293945,28.969999313354492,28.575000762939453,28.90999984741211,3113000
2007-08-28,15.376550674438477,28.079999923706055,28.674999237060547,28.065000534057617,28.610000610351562,3198200
2007-08-29,15.480589866638184,28.270000457763672,28.270000457763672,27.864999771118164,28.200000762939453,3111000
2007-08-30,15.305362701416016,27.950000762939453,28.229999542236328,27.885000228881836,28.059999465942383,3159800
2007-08-31,15.299887657165527,27.940000534057617,28.165000915527344,27.889999389648438,28.06999969482422,3735800
2007-09-04,15.527139663696289,28.354999542236328,28.475000381469727,27.96500015258789,28.020000457763672,4081200
2007-09-05,15.401190757751465,28.125,28.350000381469727,28.075000762939453,28.174999237060547,4053400
2007-09-06,15.79272747039795,28.84000015258789,29.0,28.469999313354492,28.700000762939453,5460800
2007-09-07,15.877599716186523,28.9950008392334,29.15999984741211,28.524999618530273,28.549999237060547,5664000
2007-09-10,15.866647720336914,28.975000381469727,29.204999923706055,28.864999771118164,29.114999771118164,3422400
2007-09-11,15.737957000732422,28.739999771118164,29.075000762939453,28.604999542236328,28.9950008392334,4192000
2007-09-12,16.178775787353516,29.545000076293945,29.575000762939453,28.670000076293945,28.719999313354492,7608000
2007-09-13,15.95426082611084,29.135000228881836,29.604999542236328,29.06999969482422,29.600000381469727,3929600
2007-09-14,15.789983749389648,28.834999084472656,29.290000915527344,28.799999237060547,29.014999389648438,2419400
2007-09-17,15.825581550598145,28.899999618530273,29.024999618530273,28.559999465942383,28.559999465942383,3065800
2007-09-18,16.06378936767578,29.334999084472656,29.399999618530273,28.875,28.975000381469727,4322800
2007-09-19,16.113069534301758,29.424999237060547,29.780000686645508,29.0049991607666,29.649999618530273,6225200
2007-09-20,16.14044761657715,29.475000381469727,29.834999084472656,29.454999923706055,29.68000030517578,3958000
2007-09-21,16.014503479003906,29.2450008392334,29.68000030517578,29.045000076293945,29.68000030517578,7739600
2007-09-24,15.847484588623047,28.940000534057617,29.2549991607666,28.93000030517578,29.2549991607666,4640400
2007-09-25,15.798196792602539,28.850000381469727,29.049999237060547,28.735000610351562,28.844999313354492,3576200
2007-09-26,15.989853858947754,29.200000762939453,29.290000915527344,28.920000076293945,28.989999771118164,3591400
2007-09-27,15.95426082611084,29.135000228881836,29.219999313354492,28.979999542236328,29.1200008392334,3218400
2007-09-28,15.883078575134277,29.0049991607666,29.135000228881836,28.875,29.0,4457000
2007-10-01,15.94331169128418,29.114999771118164,29.329999923706055,29.0049991607666,29.06999969482422,3499000
2007-10-02,15.896764755249023,29.030000686645508,29.2450008392334,28.94499969482422,29.184999465942383,5428400
2007-10-03,15.825581550598145,28.899999618530273,29.084999084472656,28.780000686645508,29.0,3740000
2007-10-04,15.74343490600586,28.75,29.010000228881836,28.639999389648438,28.9950008392334,4862400
2007-10-05,15.856464385986328,28.760000228881836,28.850000381469727,28.549999237060547,28.709999084472656,3027200
2007-10-08,15.812355041503906,28.68000030517578,28.80500030517578,28.610000610351562,28.670000076293945,1934400
2007-10-09,16.08802604675293,29.18000030517578,29.204999923706055,28.704999923706055,28.780000686645508,4254800
2007-10-10,16.082509994506836,29.170000076293945,29.25,29.03499984741211,29.065000534057617,3607200
2007-10-11,15.955708503723145,28.940000534057617,29.290000915527344,28.875,29.28499984741211,6574000
2007-10-12,16.118345260620117,29.235000610351562,29.2549991607666,28.780000686645508,28.815000534057617,3287600
2007-10-15,16.118345260620117,29.235000610351562,29.399999618530273,29.1200008392334,29.235000610351562,3982200
2007-10-16,16.0687255859375,29.145000457763672,29.309999465942383,29.020000457763672,29.149999618530273,4151000
2007-10-17,15.92813491821289,28.889999389648438,29.2549991607666,28.760000228881836,29.2549991607666,5690800
2007-10-18,15.917108535766602,28.8700008392334,28.94499969482422,28.565000534057617,28.815000534057617,4073400
2007-10-19,15.64420223236084,28.375,28.90999984741211,28.350000381469727,28.815000534057617,4040800
2007-10-22,15.520146369934082,28.149999618530273,28.420000076293945,27.954999923706055,28.19499969482422,4500000
2007-10-23,15.47329044342041,28.065000534057617,28.389999389648438,27.9950008392334,28.299999237060547,4026800
2007-10-24,15.45673942565918,28.03499984741211,28.165000915527344,27.760000228881836,28.05500030517578,3839600
2007-10-25,15.704840660095215,28.485000610351562,28.575000762939453,28.030000686645508,28.100000381469727,4768400
2007-10-26,15.91159725189209,28.860000610351562,28.920000076293945,28.639999389648438,28.774999618530273,5731200
2007-10-29,15.773757934570312,28.610000610351562,28.844999313354492,28.540000915527344,28.844999313354492,3414000
2007-10-30,15.748950958251953,28.565000534057617,28.7450008392334,28.405000686645508,28.604999542236328,2673600
2007-10-31,15.914356231689453,28.864999771118164,28.950000762939453,28.565000534057617,28.6200008392334,4153400
2007-11-01,15.59733772277832,28.290000915527344,28.920000076293945,28.229999542236328,28.764999389648438,5279200
2007-11-02,15.688297271728516,28.454999923706055,28.575000762939453,28.1200008392334,28.3799991607666,10404200
2007-11-05,15.782027244567871,28.625,28.790000915527344,28.420000076293945,28.485000610351562,4853000
2007-11-06,15.812355041503906,28.68000030517578,28.69499969482422,28.454999923706055,28.600000381469727,4427200
2007-11-07,15.680030822753906,28.440000534057617,28.764999389648438,28.375,28.459999084472656,4420800
2007-11-08,15.897812843322754,28.834999084472656,28.940000534057617,28.204999923706055,28.46500015258789,5809400
2007-11-09,15.702085494995117,28.479999542236328,28.774999618530273,28.459999084472656,28.5049991607666,5238000
2007-11-12,15.6028470993042,28.299999237060547,28.665000915527344,28.299999237060547,28.375,5765400
2007-11-13,15.881271362304688,28.80500030517578,28.825000762939453,28.389999389648438,28.479999542236328,5167600
2007-11-14,15.994304656982422,29.010000228881836,29.225000381469727,28.69499969482422,28.920000076293945,4854800
2007-11-15,15.70760726928711,28.489999771118164,29.014999389648438,28.30500030517578,28.875,8066400
2007-11-16,15.831652641296387,28.71500015258789,28.719999313354492,28.155000686645508,28.625,6810600
2007-11-19,15.42366886138916,27.975000381469727,28.625,27.969999313354492,28.514999389648438,6605600
2007-11-20,15.547709465026855,28.200000762939453,28.354999542236328,27.780000686645508,27.975000381469727,8572400
2007-11-21,15.528411865234375,28.165000915527344,28.34000015258789,27.96500015258789,28.024999618530273,6694800
2007-11-23,15.740683555603027,28.549999237060547,28.549999237060547,28.235000610351562,28.295000076293945,1641200
2007-11-26,15.804086685180664,28.665000915527344,28.889999389648438,28.5,28.610000610351562,5247200
2007-11-27,15.999812126159668,29.020000457763672,29.25,28.69499969482422,28.7549991607666,6442000
2007-11-28,16.451908111572266,29.84000015258789,29.899999618530273,29.014999389648438,29.18000030517578,7300600
2007-11-29,16.526334762573242,29.975000381469727,30.094999313354492,29.684999465942383,29.684999465942383,6555800
2007-11-30,16.581478118896484,30.075000762939453,30.2549991607666,29.834999084472656,30.2549991607666,6261800
2007-12-03,16.5318546295166,29.985000610351562,30.235000610351562,29.854999542236328,29.854999542236328,4256000
2007-12-04,16.512554168701172,29.950000762939453,30.149999618530273,29.7450008392334,29.7450008392334,4290400
2007-12-05,16.655902862548828,30.209999084472656,30.2450008392334,29.969999313354492,30.165000915527344,3888400
2007-12-06,16.843355178833008,30.549999237060547,30.594999313354492,30.094999313354492,30.200000762939453,3247200
2007-12-07,16.683473587036133,30.260000228881836,30.700000762939453,30.235000610351562,30.55500030517578,2872600
2007-12-10,16.78822135925293,30.450000762939453,30.4950008392334,30.225000381469727,30.28499984741211,2625200
2007-12-11,16.396770477294922,29.739999771118164,30.440000534057617,29.704999923706055,30.334999084472656,4247000
2007-12-12,16.3333683013916,29.625,30.125,29.3799991607666,30.125,6868200
2007-12-13,16.52358627319336,29.969999313354492,29.969999313354492,29.420000076293945,29.420000076293945,3929000
2007-12-14,16.264455795288086,29.5,29.799999237060547,29.399999618530273,29.684999465942383,4061600
2007-12-17,16.173486709594727,29.334999084472656,29.520000457763672,29.125,29.489999771118164,4003600
2007-12-18,16.283754348754883,29.53499984741211,29.674999237060547,29.219999313354492,29.674999237060547,4308800
2007-12-19,15.986028671264648,28.9950008392334,29.75,28.700000762939453,29.7450008392334,5813400
2007-12-20,15.900572776794434,28.84000015258789,29.260000228881836,28.80500030517578,29.149999618530273,4470000
2007-12-21,16.00532341003418,29.030000686645508,29.329999923706055,28.975000381469727,29.114999771118164,5366800
2007-12-24,15.977757453918457,28.979999542236328,29.110000610351562,28.905000686645508,28.959999084472656,1063800
2007-12-26,16.01634979248047,29.049999237060547,29.19499969482422,28.94499969482422,28.989999771118164,2370400
2007-12-27,15.765490531921387,28.594999313354492,28.959999084472656,28.56999969482422,28.959999084472656,3003800
2007-12-28,15.853705406188965,28.7549991607666,28.854999542236328,28.614999771118164,28.854999542236328,1799600
2007-12-31,15.713114738464355,28.5,28.854999542236328,28.424999237060547,28.604999542236328,3187800
2008-01-02,15.586304664611816,28.270000457763672,28.545000076293945,28.125,28.43000030517578,5456000
2008-01-03,15.517390251159668,28.145000457763672,28.450000762939453,27.915000915527344,28.235000610351562,5890800
2008-01-04,15.354747772216797,27.850000381469727,28.200000762939453,27.80500030517578,27.96500015258789,6243000
2008-01-07,15.666251182556152,28.415000915527344,28.485000610351562,27.934999465942383,27.975000381469727,5899600
2008-01-08,15.82724666595459,28.510000228881836,28.864999771118164,28.354999542236328,28.415000915527344,6072000
2008-01-09,15.854997634887695,28.559999465942383,28.690000534057617,28.280000686645508,28.575000762939453,7896800
2008-01-10,15.916061401367188,28.670000076293945,28.829999923706055,28.360000610351562,28.3799991607666,5074800
2008-01-11,15.585755348205566,28.075000762939453,28.600000381469727,27.924999237060547,28.600000381469727,6503000
2008-01-14,15.69400405883789,28.270000457763672,28.5049991607666,28.135000228881836,28.354999542236328,7347200
2008-01-15,15.308177947998047,27.575000762939453,28.270000457763672,27.545000076293945,27.975000381469727,6110800
2008-01-16,15.149969100952148,27.290000915527344,27.709999084472656,27.270000457763672,27.485000610351562,6693800
2008-01-17,15.091670036315918,27.184999465942383,27.514999389648438,27.135000228881836,27.375,5452800
2008-01-18,15.013947486877441,27.045000076293945,27.5,26.815000534057617,27.375,5884000
2008-01-22,14.672536849975586,26.43000030517578,27.104999542236328,25.5,25.790000915527344,8351800
2008-01-23,14.741933822631836,26.55500030517578,26.68000030517578,25.780000686645508,26.06999969482422,8846800
2008-01-24,14.794673919677734,26.649999618530273,26.795000076293945,26.43000030517578,26.625,5803600
2008-01-25,14.694746017456055,26.469999313354492,26.844999313354492,26.454999923706055,26.844999313354492,5088400
2008-01-28,15.041719436645508,27.094999313354492,27.100000381469727,26.559999465942383,26.559999465942383,5098600
2008-01-29,15.183271408081055,27.350000381469727,27.5,26.885000228881836,27.315000534057617,5643600
2008-01-30,14.963994026184082,26.954999923706055,27.46500015258789,26.875,27.434999465942383,5330000
2008-01-31,15.13331413269043,27.260000228881836,27.440000534057617,26.604999542236328,26.610000610351562,6604400
2008-02-01,15.485824584960938,27.895000457763672,27.985000610351562,27.260000228881836,27.260000228881836,6546600
2008-02-04,15.421984672546387,27.780000686645508,27.969999313354492,27.700000762939453,27.899999618530273,4710600
2008-02-05,15.11665153503418,27.229999542236328,27.514999389648438,27.229999542236328,27.350000381469727,5411400
2008-02-06,15.108333587646484,27.21500015258789,27.579999923706055,27.114999771118164,27.415000915527344,5885400
2008-02-07,15.219361305236816,27.415000915527344,27.53499984741211,27.014999389648438,27.014999389648438,4155800
2008-02-08,14.944563865661621,26.920000076293945,27.479999542236328,26.844999313354492,27.31999969482422,5407400
2008-02-11,15.241559028625488,27.454999923706055,27.454999923706055,26.790000915527344,26.96500015258789,5266800
2008-02-12,15.299853324890137,27.559999465942383,27.825000762939453,27.415000915527344,27.655000686645508,4210200
2008-02-13,15.405332565307617,27.75,27.8700008392334,27.575000762939453,27.790000915527344,4003600
2008-02-14,15.216580390930176,27.40999984741211,27.854999542236328,27.385000228881836,27.815000534057617,5160600
2008-02-15,15.652374267578125,28.19499969482422,28.239999771118164,27.25,27.399999618530273,5533800
2008-02-19,15.669026374816895,28.225000381469727,28.56999969482422,28.059999465942383,28.56999969482422,5093600
2008-02-20,15.688460350036621,28.260000228881836,28.315000534057617,27.889999389648438,28.19499969482422,3857800
2008-02-21,15.59131145477295,28.084999084472656,28.479999542236328,27.989999771118164,28.299999237060547,3322400
2008-02-22,15.793938636779785,28.450000762939453,28.55500030517578,27.975000381469727,28.145000457763672,3827600
2008-02-25,15.979913711547852,28.78499984741211,28.815000534057617,28.440000534057617,28.5,3655600
2008-02-26,16.04930305480957,28.90999984741211,28.989999771118164,28.6299991607666,28.704999923706055,3258200
2008-02-27,15.916061401367188,28.670000076293945,28.96500015258789,28.59000015258789,28.790000915527344,3163800
2008-02-28,15.771735191345215,28.40999984741211,28.549999237060547,28.225000381469727,28.524999618530273,3322000
2008-02-29,15.541346549987793,27.9950008392334,28.325000762939453,27.809999465942383,27.979999542236328,4675800
2008-03-03,15.69400405883789,28.270000457763672,28.270000457763672,27.93000030517578,28.014999389648438,4581600
2008-03-04,15.519135475158691,27.954999923706055,28.219999313354492,27.809999465942383,28.065000534057617,5062400
2008-03-05,15.54411792755127,28.0,28.104999542236328,27.78499984741211,27.94499969482422,4949000
2008-03-06,15.24711799621582,27.46500015258789,27.940000534057617,27.459999084472656,27.895000457763672,3273000
2008-03-07,15.191605567932129,27.364999771118164,27.59000015258789,27.200000762939453,27.200000762939453,4053800
2008-03-10,15.533015251159668,27.979999542236328,28.09000015258789,27.385000228881836,27.459999084472656,5077600
2008-03-11,15.860552787780762,28.56999969482422,28.65999984741211,28.075000762939453,28.65999984741211,6144600
2008-03-12,16.035425186157227,28.885000228881836,28.989999771118164,28.704999923706055,28.834999084472656,4107200
2008-03-13,15.999337196350098,28.81999969482422,28.920000076293945,28.510000228881836,28.610000610351562,4625800
2008-03-14,15.87720775604248,28.600000381469727,29.25,28.360000610351562,28.825000762939453,5852000
2008-03-17,15.757853507995605,28.385000228881836,28.7450008392334,27.975000381469727,27.975000381469727,8122200
2008-03-18,16.15478515625,29.100000381469727,29.100000381469727,28.565000534057617,28.645000457763672,5607400
2008-03-19,16.354639053344727,29.459999084472656,30.0,29.31999969482422,29.600000381469727,9181000
2008-03-20,16.687726974487305,30.059999465942383,30.21500015258789,29.385000228881836,29.614999771118164,8378800
2008-03-24,16.551713943481445,29.815000534057617,30.18000030517578,29.579999923706055,30.18000030517578,5375400
2008-03-25,16.44623374938965,29.625,29.854999542236328,29.489999771118164,29.764999389648438,4854400
2008-03-26,16.37961196899414,29.5049991607666,29.729999542236328,29.420000076293945,29.53499984741211,4020200
2008-03-27,16.571142196655273,29.850000381469727,30.079999923706055,29.420000076293945,29.514999389648438,6183000
2008-03-28,16.671064376831055,30.030000686645508,30.184999465942383,29.954999923706055,30.010000228881836,4516600
2008-03-31,16.621105194091797,29.940000534057617,30.06999969482422,29.690000534057617,30.06999969482422,4690600
2008-04-01,16.92088508605957,30.479999542236328,30.5,30.040000915527344,30.09000015258789,4590600
2008-04-02,16.671064376831055,30.030000686645508,30.46500015258789,29.924999237060547,30.459999084472656,4977600
2008-04-03,16.66551971435547,30.020000457763672,30.155000686645508,29.829999923706055,30.0049991607666,4900800
2008-04-04,16.807079315185547,30.274999618530273,30.375,29.915000915527344,30.0049991607666,3567000
2008-04-07,16.90700340270996,30.454999923706055,30.520000457763672,30.190000534057617,30.440000534057617,4214600
2008-04-08,16.7840633392334,30.03499984741211,30.209999084472656,29.825000762939453,30.209999084472656,4075600
2008-04-09,16.839946746826172,30.135000228881836,30.25,29.975000381469727,30.049999237060547,3099200
2008-04-10,16.711423873901367,29.905000686645508,30.200000762939453,29.850000381469727,30.200000762939453,3744400
2008-04-11,16.635976791381836,29.770000457763672,29.885000228881836,29.440000534057617,29.614999771118164,3936400
2008-04-14,16.711423873901367,29.905000686645508,29.954999923706055,29.674999237060547,29.674999237060547,2067800
2008-04-15,16.806421279907227,30.075000762939453,30.19499969482422,29.895000457763672,30.03499984741211,2347800
2008-04-16,17.099796295166016,30.600000381469727,30.625,29.975000381469727,30.165000915527344,5115400
2008-04-17,17.088619232177734,30.579999923706055,30.65999984741211,30.420000076293945,30.454999923706055,3811000
2008-04-18,17.432296752929688,31.19499969482422,31.25,30.75,30.940000534057617,7704400
2008-04-21,17.362438201904297,31.06999969482422,31.15999984741211,30.96500015258789,31.084999084472656,4439400
2008-04-22,17.20037841796875,30.780000686645508,31.049999237060547,30.575000762939453,30.975000381469727,3050200
2008-04-23,17.46302604675293,31.25,31.25,30.84000015258789,30.84000015258789,5261600
2008-04-24,17.217147827148438,30.809999465942383,31.229999542236328,30.565000534057617,31.229999542236328,4743200
2008-04-25,17.01597785949707,30.450000762939453,30.950000762939453,30.325000762939453,30.78499984741211,4727400
2008-04-28,17.113767623901367,30.625,30.850000381469727,30.489999771118164,30.510000228881836,3320200
2008-04-29,17.119359970092773,30.635000228881836,30.854999542236328,30.53499984741211,30.625,3765400
2008-04-30,16.876266479492188,30.200000762939453,30.860000610351562,30.190000534057617,30.670000076293945,5884400
2008-05-01,17.12774085998535,30.649999618530273,30.770000457763672,30.235000610351562,30.235000610351562,4566200
2008-05-02,17.231117248535156,30.834999084472656,31.03499984741211,30.635000228881836,30.829999923706055,4930600
2008-05-05,17.27861785888672,30.920000076293945,31.0,30.639999389648438,30.84000015258789,2466400
2008-05-06,17.261856079101562,30.889999389648438,30.954999923706055,30.545000076293945,30.670000076293945,3654200
2008-05-07,17.01597785949707,30.450000762939453,30.889999389648438,30.450000762939453,30.844999313354492,2990600
2008-05-08,17.208763122558594,30.795000076293945,31.0,30.645000457763672,30.739999771118164,4884800
2008-05-09,16.993623733520508,30.40999984741211,30.69499969482422,30.270000457763672,30.610000610351562,4392600
2008-05-12,17.119359970092773,30.635000228881836,30.639999389648438,30.385000228881836,30.4950008392334,3401000
2008-05-13,17.217147827148438,30.809999465942383,30.8700008392334,30.514999389648438,30.729999542236328,4452400
2008-05-14,17.289796829223633,30.940000534057617,31.155000686645508,30.780000686645508,30.834999084472656,4516600
2008-05-15,17.34567642211914,31.040000915527344,31.2450008392334,30.725000381469727,30.875,3596800
2008-05-16,17.373611450195312,31.09000015258789,31.25,30.934999465942383,31.149999618530273,4630000
2008-05-19,17.303760528564453,30.96500015258789,31.040000915527344,30.764999389648438,31.040000915527344,4131600
2008-05-20,17.303760528564453,30.96500015258789,31.125,30.625,30.760000228881836,3704400
2008-05-21,17.183616638183594,30.75,31.094999313354492,30.69499969482422,30.94499969482422,4407400
2008-05-22,17.25347328186035,30.875,31.09000015258789,30.700000762939453,30.760000228881836,4248200
2008-05-23,17.069068908691406,30.545000076293945,30.75,30.354999542236328,30.59000015258789,3886400
2008-05-27,17.43509292602539,31.200000762939453,31.290000915527344,30.625,30.68000030517578,5224200
2008-05-28,17.482585906982422,31.28499984741211,31.360000610351562,31.020000457763672,31.350000381469727,6189400
2008-05-29,17.639055252075195,31.565000534057617,31.75,31.170000076293945,31.190000534057617,4748000
2008-05-30,17.658613204956055,31.600000381469727,31.774999618530273,31.329999923706055,31.514999389648438,6312400
2008-06-02,17.560821533203125,31.424999237060547,31.625,31.225000381469727,31.540000915527344,3047400
2008-06-03,17.613908767700195,31.520000457763672,31.649999618530273,31.405000686645508,31.479999542236328,6767800
2008-06-04,17.801115036010742,31.854999542236328,31.954999923706055,31.399999618530273,31.399999618530273,6600800
2008-06-05,17.722875595092773,31.71500015258789,31.94499969482422,31.479999542236328,31.75,5228200
2008-06-06,17.219947814941406,30.815000534057617,31.559999465942383,30.795000076293945,31.520000457763672,6600200
2008-06-09,17.4406795501709,31.209999084472656,31.360000610351562,30.825000762939453,30.825000762939453,4681200
2008-06-10,17.53567123413086,31.3799991607666,31.565000534057617,31.049999237060547,31.049999237060547,3044800
2008-06-11,17.40156364440918,31.139999389648438,31.3799991607666,30.989999771118164,31.3799991607666,4698400
2008-06-12,17.287002563476562,30.934999465942383,31.399999618530273,30.78499984741211,31.399999618530273,4029600
2008-06-13,17.521705627441406,31.354999542236328,31.364999771118164,30.815000534057617,31.18000030517578,4355800
2008-06-16,17.18921661376953,30.760000228881836,31.264999389648438,30.524999618530273,31.21500015258789,5998200
2008-06-17,16.968473434448242,30.364999771118164,30.93000030517578,30.360000610351562,30.875,4985800
2008-06-18,17.502147674560547,31.31999969482422,31.684999465942383,30.565000534057617,30.565000534057617,9889000
2008-06-19,17.544057846069336,31.395000457763672,31.639999389648438,31.295000076293945,31.639999389648438,5877600
2008-06-20,17.608322143554688,31.510000228881836,31.559999465942383,30.954999923706055,31.260000228881836,10427200
2008-06-23,17.714492797851562,31.700000762939453,31.75,31.510000228881836,31.579999923706055,5531000
2008-06-24,17.43509292602539,31.200000762939453,31.729999542236328,31.104999542236328,31.729999542236328,8339200
2008-06-25,17.09700584411621,30.594999313354492,31.200000762939453,30.520000457763672,30.635000228881836,8153200
2008-06-26,17.004798889160156,30.43000030517578,30.905000686645508,30.295000076293945,30.325000762939453,6752400
2008-06-27,16.728185653686523,29.934999465942383,30.579999923706055,29.915000915527344,30.575000762939453,7739000
2008-06-30,16.979652404785156,30.385000228881836,30.565000534057617,29.920000076293945,29.920000076293945,6395400
2008-07-01,17.027151107788086,30.469999313354492,30.485000610351562,30.09000015258789,30.149999618530273,5581600
2008-07-02,16.92377281188965,30.28499984741211,30.59000015258789,30.2549991607666,30.489999771118164,5784400
2008-07-03,16.97406578063965,30.375,30.530000686645508,30.145000457763672,30.514999389648438,2950800
2008-07-07,17.124950408935547,30.645000457763672,30.75,30.395000457763672,30.485000610351562,6252400
2008-07-08,17.350046157836914,30.829999923706055,30.854999542236328,30.264999389648438,30.389999389648438,6279600
2008-07-09,17.634246826171875,31.334999084472656,31.475000381469727,30.864999771118164,30.915000915527344,7059600
2008-07-10,17.85935401916504,31.735000610351562,31.735000610351562,31.06999969482422,31.350000381469727,10475000
2008-07-11,17.766494750976562,31.56999969482422,31.7549991607666,31.264999389648438,31.649999618530273,5529600
2008-07-14,17.794633865356445,31.6200008392334,31.834999084472656,31.469999313354492,31.655000686645508,4835800
2008-07-15,18.016925811767578,32.01499938964844,32.1150016784668,31.350000381469727,31.434999465942383,12628800
2008-07-16,17.971908569335938,31.934999465942383,32.17499923706055,31.809999465942383,31.940000534057617,8135400
2008-07-17,18.02536392211914,32.029998779296875,32.20500183105469,31.56999969482422,32.05500030517578,6038400
2008-07-18,17.862167358398438,31.739999771118164,31.975000381469727,31.665000915527344,31.8700008392334,6215800
2008-07-21,17.839656829833984,31.700000762939453,31.774999618530273,31.344999313354492,31.774999618530273,3738800
2008-07-22,18.264545440673828,32.45500183105469,32.45500183105469,31.524999618530273,31.524999618530273,9427200
2008-07-23,18.337705612182617,32.584999084472656,32.619998931884766,32.30500030517578,32.540000915527344,7691000
2008-07-24,18.149181365966797,32.25,32.7400016784668,32.220001220703125,32.45500183105469,7219800
2008-07-25,18.00285530090332,31.989999771118164,32.400001525878906,31.8700008392334,32.400001525878906,6431400
2008-07-28,17.985973358154297,31.959999084472656,32.27000045776367,31.829999923706055,32.084999084472656,4420600
2008-07-29,18.15479850769043,32.2599983215332,32.31999969482422,31.825000762939453,32.08000183105469,4618400
2008-07-30,18.225149154663086,32.3849983215332,32.529998779296875,32.04499816894531,32.369998931884766,5216800
2008-07-31,18.11823081970215,32.19499969482422,32.46500015258789,32.165000915527344,32.244998931884766,3305400
2008-08-01,18.106966018676758,32.17499923706055,32.45000076293945,32.025001525878906,32.45000076293945,3805800
2008-08-04,18.484027862548828,32.845001220703125,32.95000076293945,32.005001068115234,32.21500015258789,5633200
2008-08-05,18.624710083007812,33.095001220703125,33.150001525878906,32.775001525878906,32.98500061035156,7961000
2008-08-06,18.765399932861328,33.345001220703125,33.375,32.88999938964844,33.060001373291016,6519200
2008-08-07,18.489646911621094,32.85499954223633,33.13999938964844,32.76499938964844,33.13999938964844,6679200
2008-08-08,18.87514877319336,33.540000915527344,33.564998626708984,32.775001525878906,32.915000915527344,5313800
2008-08-11,18.979251861572266,33.724998474121094,33.72999954223633,33.29499816894531,33.46500015258789,7264000
2008-08-12,18.869522094726562,33.529998779296875,33.80500030517578,33.27000045776367,33.775001525878906,5640400
2008-08-13,18.87795639038086,33.54499816894531,33.75,33.400001525878906,33.599998474121094,4167800
2008-08-14,18.90609359741211,33.595001220703125,33.875,33.1349983215332,33.41999816894531,3470400
2008-08-15,19.04959487915039,33.849998474121094,33.974998474121094,33.57500076293945,33.654998779296875,3751600
2008-08-18,18.672550201416016,33.18000030517578,33.90999984741211,33.04499816894531,33.849998474121094,5247400
2008-08-19,18.52622413635254,32.91999816894531,33.26499938964844,32.66999816894531,33.099998474121094,4271600
2008-08-20,18.8048038482666,33.415000915527344,33.494998931884766,32.79999923706055,32.79999923706055,6894800
2008-08-21,18.872333526611328,33.53499984741211,33.67499923706055,33.005001068115234,33.189998626708984,5149000
2008-08-22,18.979251861572266,33.724998474121094,33.88999938964844,33.43000030517578,33.67499923706055,3266200
2008-08-25,18.858257293701172,33.5099983215332,33.845001220703125,33.31999969482422,33.7599983215332,2974200
2008-08-26,18.79636001586914,33.400001525878906,33.665000915527344,33.255001068115234,33.55500030517578,3817000
2008-08-27,18.931427001953125,33.63999938964844,33.75,33.459999084472656,33.56999969482422,3515600
2008-08-28,18.982070922851562,33.72999954223633,33.79999923706055,33.599998474121094,33.73500061035156,3216200
2008-08-29,18.62190055847168,33.09000015258789,33.720001220703125,33.05500030517578,33.720001220703125,4584400
2008-09-02,18.97081756591797,33.709999084472656,33.79999923706055,33.125,33.150001525878906,5350600
2008-09-03,18.77384376525879,33.36000061035156,33.70000076293945,33.26499938964844,33.70000076293945,5314400
2008-09-04,18.832937240600586,33.46500015258789,33.974998474121094,33.1150016784668,33.375,8452200
2008-09-05,19.08899688720703,33.91999816894531,34.0,33.349998474121094,33.349998474121094,5885600
2008-09-08,19.26064109802246,34.224998474121094,34.28499984741211,33.720001220703125,34.20000076293945,7468000
2008-09-09,19.04397201538086,33.84000015258789,34.40999984741211,33.79999923706055,34.29999923706055,6873600
2008-09-10,19.04397201538086,33.84000015258789,34.07500076293945,33.744998931884766,33.94499969482422,5413000
2008-09-11,19.364748001098633,34.40999984741211,34.44499969482422,33.65999984741211,33.755001068115234,5607400
2008-09-12,19.443544387817383,34.54999923706055,34.54999923706055,34.1150016784668,34.244998931884766,5309200
2008-09-15,19.176225662231445,34.07500076293945,34.7599983215332,33.61000061035156,34.16999816894531,6711000
2008-09-16,19.288774490356445,34.275001525878906,34.41999816894531,33.84000015258789,34.0099983215332,8076000
2008-09-17,19.623619079589844,34.869998931884766,35.665000915527344,34.0099983215332,34.459999084472656,14208200
2008-09-18,19.601118087768555,34.83000183105469,35.82500076293945,33.959999084472656,35.39500045776367,11087400
2008-09-19,19.713651657104492,35.029998779296875,36.005001068115234,34.415000915527344,36.005001068115234,9814200
2008-09-22,19.181852340698242,34.084999084472656,35.025001525878906,34.08000183105469,34.83000183105469,8040800
2008-09-23,19.148080825805664,34.025001525878906,34.724998474121094,33.849998474121094,34.32500076293945,6109800
2008-09-24,19.22687339782715,34.165000915527344,34.25,33.53499984741211,34.18000030517578,7722200
2008-09-25,19.37319564819336,34.42499923706055,34.84000015258789,34.150001525878906,34.150001525878906,5812800
2008-09-26,19.58704376220703,34.80500030517578,34.880001068115234,34.06999969482422,34.20500183105469,4889600
2008-09-29,19.164962768554688,34.05500030517578,34.88999938964844,33.8849983215332,34.744998931884766,6836200
2008-09-30,19.336610794067383,34.36000061035156,34.400001525878906,33.83000183105469,34.400001525878906,6764200
2008-10-01,19.741802215576172,35.08000183105469,35.275001525878906,34.165000915527344,34.165000915527344,7686200
2008-10-02,19.55608558654785,34.75,35.29499816894531,34.75,34.939998626708984,9887600
2008-10-03,19.738990783691406,35.07500076293945,35.5,34.78499984741211,35.025001525878906,11230800
2008-10-06,19.26907730102539,34.2400016784668,34.81999969482422,33.880001068115234,34.650001525878906,10890000
2008-10-07,18.852628707885742,33.5,34.69499969482422,33.5,34.47999954223633,10572400
2008-10-08,18.48164176940918,32.630001068115234,33.375,31.8799991607666,32.84000015258789,17338000
2008-10-09,17.054317474365234,30.110000610351562,32.810001373291016,29.719999313354492,32.755001068115234,12135600
2008-10-10,16.456758499145508,29.05500030517578,30.0049991607666,28.0,29.274999618530273,16081200
2008-10-13,18.00870132446289,31.795000076293945,31.815000534057617,29.625,30.219999313354492,11271400
2008-10-14,18.24375343322754,32.209999084472656,33.0,32.01499938964844,32.61000061035156,14629000
2008-10-15,18.04551887512207,31.860000610351562,33.119998931884766,31.795000076293945,32.26499938964844,16489400
2008-10-16,18.368362426757812,32.43000030517578,32.75,30.950000762939453,32.275001525878906,19969400
2008-10-17,18.331546783447266,32.3650016784668,33.26499938964844,31.774999618530273,32.095001220703125,10536000
2008-10-20,18.538278579711914,32.72999954223633,32.849998474121094,31.885000228881836,32.814998626708984,11190800
2008-10-21,18.756349563598633,33.1150016784668,33.67499923706055,32.599998474121094,32.65999984741211,8396800
2008-10-22,18.25225257873535,32.224998474121094,33.02000045776367,31.665000915527344,32.540000915527344,12529200
2008-10-23,18.736520767211914,33.08000183105469,33.35499954223633,31.850000381469727,32.334999084472656,13421000
2008-10-24,18.192773818969727,32.119998931884766,32.55500030517578,31.360000610351562,31.729999542236328,12256000
2008-10-27,18.042688369750977,31.854999542236328,32.599998474121094,31.579999923706055,31.80500030517578,7514200
2008-10-28,19.13866424560547,33.790000915527344,33.790000915527344,31.299999237060547,32.375,10573400
2008-10-29,18.920597076416016,33.404998779296875,34.5,33.349998474121094,33.80500030517578,9985200
2008-10-30,19.13866424560547,33.790000915527344,34.34000015258789,33.21500015258789,34.06999969482422,8492600
2008-10-31,19.183971405029297,33.869998931884766,34.244998931884766,33.5,33.5,7651000
2008-11-03,19.229291915893555,33.95000076293945,34.17499923706055,33.625,33.834999084472656,4740400
2008-11-04,19.16132164001465,33.83000183105469,34.5,33.564998626708984,34.17499923706055,7476600
2008-11-05,18.62324333190918,32.880001068115234,33.98500061035156,32.75,33.79499816894531,7499600
2008-11-06,18.10781478881836,31.969999313354492,33.21500015258789,31.825000762939453,32.66999816894531,8237200
2008-11-07,18.67422103881836,32.970001220703125,32.970001220703125,31.899999618530273,32.189998626708984,6104000
2008-11-10,18.614742279052734,32.8650016784668,33.849998474121094,32.439998626708984,33.43000030517578,5671200
2008-11-11,18.59775161743164,32.834999084472656,33.16999816894531,32.40999984741211,32.66999816894531,7392600
2008-11-12,18.065340042114258,31.895000457763672,32.834999084472656,31.760000228881836,32.834999084472656,7976800
2008-11-13,18.912097930908203,33.38999938964844,33.45000076293945,31.584999084472656,32.09000015258789,10068000
2008-11-14,18.756349563598633,33.1150016784668,34.40999984741211,32.875,32.900001525878906,9475800
2008-11-17,18.555273056030273,32.7599983215332,33.689998626708984,32.5,32.66999816894531,8255400
2008-11-18,18.50146484375,32.665000915527344,33.0,31.875,32.76499938964844,9476000
2008-11-19,17.646203994750977,31.155000686645508,33.0,31.135000228881836,32.4900016784668,11748800
2008-11-20,17.41964340209961,30.7549991607666,32.20500183105469,30.649999618530273,31.0049991607666,10998600
2008-11-21,18.323049545288086,32.349998474121094,32.505001068115234,30.190000534057617,31.3799991607666,12742400
2008-11-24,18.266408920288086,32.25,33.07500076293945,31.764999389648438,33.07500076293945,9864400
2008-11-25,17.81045913696289,31.44499969482422,32.810001373291016,30.969999313354492,32.810001373291016,11804600
2008-11-26,17.816116333007812,31.454999923706055,31.469999313354492,30.665000915527344,31.05500030517578,6848000
2008-11-28,17.889751434326172,31.584999084472656,31.639999389648438,31.03499984741211,31.3799991607666,2517800
2008-12-01,17.30636978149414,30.55500030517578,31.549999237060547,30.514999389648438,30.959999084472656,7230800
2008-12-02,17.64054298400879,31.145000457763672,31.329999923706055,30.424999237060547,31.329999923706055,7590800
2008-12-03,17.773639678955078,31.3799991607666,31.420000076293945,30.600000381469727,30.670000076293945,6155800
2008-12-04,17.473451614379883,30.850000381469727,31.735000610351562,30.600000381469727,31.174999237060547,8933600
2008-12-05,18.08799171447754,31.934999465942383,32.0,30.510000228881836,30.875,6936800
2008-12-08,18.3457088470459,32.38999938964844,32.654998779296875,31.90999984741211,32.48500061035156,8638400
2008-12-09,17.283702850341797,30.514999389648438,32.4900016784668,30.440000534057617,32.29999923706055,13484800
2008-12-10,17.26388168334961,30.479999542236328,30.719999313354492,30.0049991607666,30.71500015258789,9123000
2008-12-11,17.133607864379883,30.25,30.809999465942383,30.174999237060547,30.4950008392334,6009200
2008-12-12,17.314857482910156,30.56999969482422,30.594999313354492,29.760000228881836,30.0,6244200
2008-12-15,17.020322799682617,30.049999237060547,30.665000915527344,29.790000915527344,30.665000915527344,6883200
2008-12-16,17.34601593017578,30.625,30.905000686645508,29.915000915527344,30.075000762939453,7185000
2008-12-17,17.374338150024414,30.674999237060547,31.094999313354492,30.065000534057617,30.850000381469727,9612200
2008-12-18,17.034486770629883,30.075000762939453,31.174999237060547,29.875,31.0,8718600
2008-12-19,16.70880699157715,29.5,30.475000381469727,29.385000228881836,30.2450008392334,9613600
2008-12-22,16.53038787841797,29.184999465942383,29.5,28.7450008392334,29.5,9110000
2008-12-23,16.43410873413086,29.014999389648438,29.625,28.940000534057617,29.30500030517578,5050800
2008-12-24,16.55304527282715,29.225000381469727,29.309999465942383,29.0049991607666,29.21500015258789,1660800
2008-12-26,16.626680374145508,29.354999542236328,29.489999771118164,29.190000534057617,29.405000686645508,1638800
2008-12-29,16.623849868774414,29.350000381469727,29.489999771118164,29.045000076293945,29.30500030517578,4524200
2008-12-30,16.909879684448242,29.854999542236328,29.864999771118164,29.270000457763672,29.270000457763672,4087200
2008-12-31,17.20440673828125,30.375,30.489999771118164,29.80500030517578,29.850000381469727,5975400
2009-01-02,17.093955993652344,30.18000030517578,30.469999313354492,29.975000381469727,30.46500015258789,5208800
2009-01-05,17.218568801879883,30.399999618530273,30.5,30.075000762939453,30.2549991607666,5379600
2009-01-06,16.8560733795166,29.760000228881836,30.850000381469727,29.475000381469727,30.594999313354492,9600000
2009-01-07,16.663494110107422,29.420000076293945,29.860000610351562,29.270000457763672,29.735000610351562,6183200
2009-01-08,16.69202423095703,29.2549991607666,29.489999771118164,28.979999542236328,29.2450008392334,7577400
2009-01-09,16.583614349365234,29.065000534057617,29.485000610351562,28.975000381469727,29.2450008392334,4826600
2009-01-12,17.080013275146484,29.934999465942383,30.18000030517578,29.024999618530273,29.110000610351562,8551000
2009-01-13,16.954484939575195,29.71500015258789,29.985000610351562,29.530000686645508,29.899999618530273,5845000
2009-01-14,16.76049041748047,29.375,29.440000534057617,29.145000457763672,29.360000610351562,5468600
2009-01-15,16.846080780029297,29.524999618530273,29.55500030517578,28.950000762939453,29.2549991607666,6744600
2009-01-16,17.282560348510742,30.290000915527344,30.405000686645508,29.700000762939453,29.950000762939453,9391400
2009-01-20,17.05718994140625,29.895000457763672,30.725000381469727,29.864999771118164,30.395000457763672,8970600
2009-01-21,17.0229549407959,29.834999084472656,30.229999542236328,29.385000228881836,30.229999542236328,7653200
2009-01-22,17.08857536315918,29.950000762939453,30.0,29.235000610351562,29.475000381469727,8609600
2009-01-23,16.92310905456543,29.65999984741211,29.790000915527344,29.28499984741211,29.514999389648438,6775000
2009-01-26,16.948780059814453,29.704999923706055,30.25,29.524999618530273,29.825000762939453,8501600
2009-01-27,17.23977279663086,30.21500015258789,30.344999313354492,29.670000076293945,29.770000457763672,6025800
2009-01-28,17.20553970336914,30.155000686645508,30.43000030517578,29.895000457763672,30.334999084472656,6326600
2009-01-29,17.145627975463867,30.049999237060547,30.645000457763672,29.950000762939453,30.030000686645508,5442800
2009-01-30,16.87460708618164,29.575000762939453,30.0,29.389999389648438,29.954999923706055,6435800
2009-02-02,16.9145450592041,29.645000457763672,29.799999237060547,29.225000381469727,29.2549991607666,4240800
2009-02-03,17.259740829467773,30.25,30.389999389648438,29.55500030517578,29.674999237060547,3893400
2009-02-04,16.85178565979004,29.53499984741211,30.145000457763672,29.434999465942383,30.06999969482422,5461200
2009-02-05,16.86319351196289,29.55500030517578,29.729999542236328,29.190000534057617,29.40999984741211,6354600
2009-02-06,16.786163330078125,29.420000076293945,29.790000915527344,29.264999389648438,29.594999313354492,5322000
2009-02-09,16.774757385253906,29.399999618530273,29.604999542236328,29.125,29.604999542236328,4831200
2009-02-10,16.372507095336914,28.69499969482422,29.399999618530273,28.579999923706055,29.264999389648438,6528000
2009-02-11,16.352535247802734,28.65999984741211,29.014999389648438,28.579999923706055,28.889999389648438,5091200
2009-02-12,16.492321014404297,28.905000686645508,28.905000686645508,28.21500015258789,28.59000015258789,6347400
2009-02-13,16.215599060058594,28.420000076293945,28.975000381469727,28.3799991607666,28.860000610351562,6954200
2009-02-17,16.075815200805664,28.174999237060547,28.510000228881836,27.594999313354492,27.850000381469727,8010800
2009-02-18,15.827607154846191,27.739999771118164,28.424999237060547,27.604999542236328,28.290000915527344,6427200
2009-02-19,15.896082878112793,27.860000610351562,28.329999923706055,27.739999771118164,27.739999771118164,7094000
2009-02-20,15.70208740234375,27.520000457763672,27.80500030517578,27.364999771118164,27.520000457763672,7986000
2009-02-23,15.553743362426758,27.260000228881836,27.9950008392334,27.239999771118164,27.524999618530273,6965200
2009-02-24,15.833318710327148,27.75,27.81999969482422,27.385000228881836,27.489999771118164,6886800
2009-02-25,15.633618354797363,27.399999618530273,27.75,27.325000762939453,27.674999237060547,5404200
2009-02-26,15.077311515808105,26.424999237060547,27.610000610351562,26.395000457763672,27.594999313354492,9036000
2009-02-27,14.971757888793945,26.239999771118164,26.645000457763672,26.049999237060547,26.174999237060547,7876800
2009-03-02,14.926109313964844,26.15999984741211,26.364999771118164,25.739999771118164,25.825000762939453,8838200
2009-03-03,14.87761116027832,26.075000762939453,26.459999084472656,25.899999618530273,26.415000915527344,7539000
2009-03-04,14.652236938476562,25.68000030517578,26.364999771118164,25.540000915527344,26.364999771118164,10320800
2009-03-05,14.261395454406738,24.9950008392334,25.584999084472656,24.780000686645508,25.5,9318800
2009-03-06,14.538119316101074,25.479999542236328,25.489999771118164,24.920000076293945,25.149999618530273,7723600
2009-03-09,14.175806999206543,24.844999313354492,25.299999237060547,24.770000457763672,25.094999313354492,6930400
2009-03-10,14.31845760345459,25.094999313354492,25.270000457763672,24.924999237060547,25.184999465942383,6664600
2009-03-11,14.101632118225098,24.71500015258789,25.354999542236328,24.584999084472656,25.239999771118164,9396800
2009-03-12,14.834822654724121,26.0,26.059999465942383,24.6200008392334,24.719999313354492,9952400
2009-03-13,15.005990028381348,26.299999237060547,26.5,25.954999923706055,26.204999923706055,7360400
2009-03-16,15.234219551086426,26.700000762939453,27.170000076293945,26.31999969482422,26.700000762939453,6740200
2009-03-17,15.308387756347656,26.829999923706055,26.875,26.46500015258789,26.84000015258789,6609800
2009-03-18,13.588122367858887,23.815000534057617,25.03499984741211,23.540000915527344,25.030000686645508,37159600
2009-03-19,13.49112606048584,23.645000457763672,24.174999237060547,23.184999465942383,24.079999923706055,22108400
2009-03-20,13.471160888671875,23.610000610351562,23.94499969482422,23.5049991607666,23.825000762939453,11441200
2009-03-23,14.17866325378418,24.850000381469727,24.8799991607666,23.8799991607666,24.06999969482422,13492800
2009-03-24,14.207193374633789,24.899999618530273,25.235000610351562,24.239999771118164,24.655000686645508,10031000
2009-03-25,14.130167007446289,24.764999389648438,25.059999465942383,24.299999237060547,25.03499984741211,8721200
2009-03-26,14.036025047302246,24.600000381469727,24.975000381469727,24.010000228881836,24.975000381469727,11706600
2009-03-27,14.506744384765625,25.424999237060547,25.520000457763672,24.3700008392334,24.3700008392334,11183000
2009-03-30,14.338419914245605,25.1299991607666,25.405000686645508,24.875,25.024999618530273,7956400
2009-03-31,14.23001480102539,24.940000534057617,25.25,24.7549991607666,25.235000610351562,8461200
2009-04-01,14.492472648620605,25.399999618530273,25.530000686645508,24.375,24.739999771118164,9942800
2009-04-02,14.555243492126465,25.510000228881836,25.940000534057617,25.424999237060547,25.645000457763672,8855800
2009-04-03,14.509590148925781,25.43000030517578,25.80500030517578,25.100000381469727,25.5,5369800
2009-04-06,14.495330810546875,25.405000686645508,25.625,25.209999084472656,25.399999618530273,4473000
2009-04-07,14.61905288696289,25.405000686645508,25.934999465942383,25.020000457763672,25.229999542236328,7613000
2009-04-08,14.61905288696289,25.405000686645508,25.770000457763672,25.200000762939453,25.440000534057617,7018600
2009-04-09,14.627683639526367,25.420000076293945,25.844999313354492,25.219999313354492,25.700000762939453,7069400
2009-04-13,14.492453575134277,25.184999465942383,25.625,25.184999465942383,25.31999969482422,6781800
2009-04-14,14.23926067352295,24.7450008392334,25.219999313354492,24.69499969482422,25.18000030517578,9390000
2009-04-15,14.351473808288574,24.940000534057617,25.135000228881836,24.610000610351562,24.610000610351562,4803000
2009-04-16,14.457927703857422,25.125,25.235000610351562,24.309999465942383,25.024999618530273,8578200
2009-04-17,14.354341506958008,24.94499969482422,25.25,24.729999542236328,25.135000228881836,7189600
2009-04-20,14.365859031677246,24.96500015258789,25.235000610351562,24.56999969482422,24.71500015258789,5995800
2009-04-21,14.573016166687012,25.325000762939453,25.454999923706055,24.825000762939453,24.825000762939453,6442600
2009-04-22,14.23926067352295,24.7450008392334,25.139999389648438,24.700000762939453,25.139999389648438,5966000
2009-04-23,14.291046142578125,24.834999084472656,24.864999771118164,24.5,24.709999084472656,5045200
2009-04-24,14.020594596862793,24.364999771118164,24.975000381469727,24.2549991607666,24.934999465942383,6069400
2009-04-27,14.144308090209961,24.579999923706055,25.0,24.34000015258789,24.34000015258789,7432800
2009-04-28,14.397504806518555,25.020000457763672,25.209999084472656,24.459999084472656,24.530000686645508,5622000
2009-04-29,14.610419273376465,25.389999389648438,25.6200008392334,24.959999084472656,25.204999923706055,6299600
2009-04-30,14.584528923034668,25.344999313354492,25.704999923706055,25.135000228881836,25.5049991607666,7948200
2009-05-01,14.524100303649902,25.239999771118164,25.6299991607666,25.149999618530273,25.510000228881836,5270800
2009-05-04,15.090906143188477,26.225000381469727,26.225000381469727,25.360000610351562,25.5,10143400
2009-05-05,15.007471084594727,26.079999923706055,26.625,26.020000457763672,26.084999084472656,6196800
2009-05-06,14.92115306854248,25.93000030517578,26.53499984741211,25.770000457763672,26.3799991607666,8967400
2009-05-07,15.384385108947754,26.735000610351562,27.030000686645508,25.770000457763672,26.299999237060547,9934800
2009-05-08,15.364246368408203,26.700000762939453,27.0,26.239999771118164,27.0,8811600
2009-05-11,15.223261833190918,26.454999923706055,26.850000381469727,26.28499984741211,26.4950008392334,5988000
2009-05-12,15.436177253723145,26.825000762939453,26.954999923706055,26.510000228881836,26.559999465942383,4931000
2009-05-13,15.381505966186523,26.729999542236328,26.934999465942383,26.55500030517578,26.665000915527344,7469600
2009-05-14,15.369997024536133,26.709999084472656,27.079999923706055,26.59000015258789,26.809999465942383,5409600
2009-05-15,15.136938095092773,26.30500030517578,26.71500015258789,26.05500030517578,26.71500015258789,6204400
2009-05-18,15.157089233398438,26.34000015258789,26.415000915527344,26.09000015258789,26.360000610351562,5622800
2009-05-19,15.004591941833496,26.075000762939453,26.479999542236328,26.014999389648438,26.459999084472656,7631000
2009-05-20,15.082275390625,26.209999084472656,26.475000381469727,26.094999313354492,26.149999618530273,5246600
2009-05-21,15.079401016235352,26.204999923706055,26.299999237060547,26.0,26.045000076293945,4461200
2009-05-22,15.148459434509277,26.325000762939453,26.55500030517578,26.1200008392334,26.200000762939453,4017800
2009-05-26,15.136938095092773,26.30500030517578,26.545000076293945,25.954999923706055,26.30500030517578,6962400
2009-05-27,14.665088653564453,25.485000610351562,26.25,25.43000030517578,26.25,7862000
2009-05-28,14.734137535095215,25.604999542236328,25.735000610351562,25.350000381469727,25.674999237060547,5585800
2009-05-29,14.725504875183105,25.59000015258789,25.75,25.334999084472656,25.700000762939453,7186200
2009-06-01,14.72263240814209,25.584999084472656,25.94499969482422,25.454999923706055,25.7549991607666,9309200
2009-06-02,15.134063720703125,26.299999237060547,26.5049991607666,25.5049991607666,25.55500030517578,11057600
2009-06-03,15.165719985961914,26.354999542236328,26.385000228881836,26.114999771118164,26.200000762939453,6560200
2009-06-04,14.952800750732422,25.985000610351562,26.475000381469727,25.954999923706055,26.329999923706055,6370000
2009-06-05,15.007471084594727,26.079999923706055,26.21500015258789,25.684999465942383,26.110000610351562,6673000
2009-06-08,15.600174903869629,27.110000610351562,27.360000610351562,26.540000915527344,26.559999465942383,11246400
2009-06-09,15.65484619140625,27.204999923706055,27.3700008392334,27.010000228881836,27.075000762939453,7322400
2009-06-10,15.689374923706055,27.264999389648438,27.485000610351562,27.049999237060547,27.375,5605400
2009-06-11,15.741158485412598,27.354999542236328,27.604999542236328,27.264999389648438,27.274999618530273,5285200
2009-06-12,15.801578521728516,27.459999084472656,27.55500030517578,27.104999542236328,27.315000534057617,3636800
2009-06-15,15.548385620117188,27.020000457763672,27.3799991607666,26.954999923706055,27.3799991607666,5155000
2009-06-16,15.427542686462402,26.809999465942383,27.065000534057617,26.790000915527344,27.03499984741211,4516400
2009-06-17,15.703754425048828,27.290000915527344,27.459999084472656,26.790000915527344,26.790000915527344,4830600
2009-06-18,15.95982837677002,27.735000610351562,27.895000457763672,27.209999084472656,27.3799991607666,4659800
2009-06-19,15.744027137756348,27.360000610351562,27.81999969482422,27.239999771118164,27.809999465942383,6805800
2009-06-22,15.905159950256348,27.639999389648438,27.719999313354492,27.149999618530273,27.280000686645508,7161200
2009-06-23,15.810212135314941,27.475000381469727,27.809999465942383,27.3700008392334,27.71500015258789,5626200
2009-06-24,15.847610473632812,27.540000915527344,27.78499984741211,27.40999984741211,27.6299991607666,5461400
2009-06-25,16.097930908203125,27.975000381469727,28.0,27.274999618530273,27.510000228881836,4668600
2009-06-26,15.905159950256348,27.639999389648438,27.950000762939453,27.514999389648438,27.860000610351562,7141200
2009-06-29,16.0662841796875,27.920000076293945,27.920000076293945,27.5049991607666,27.670000076293945,3351800
2009-06-30,16.118070602416992,28.010000228881836,28.15999984741211,27.639999389648438,27.975000381469727,6845200
2009-07-01,16.739545822143555,29.09000015258789,29.229999542236328,28.540000915527344,28.68000030517578,14373400
2009-07-02,16.831619262695312,29.25,29.579999923706055,28.885000228881836,28.985000610351562,11492200
2009-07-06,17.378286361694336,30.200000762939453,30.31999969482422,29.094999313354492,29.135000228881836,12929400
2009-07-07,17.231544494628906,29.94499969482422,30.274999618530273,29.875,30.104999542236328,10302000
2009-07-08,17.06914710998535,29.43000030517578,29.895000457763672,29.295000076293945,29.860000610351562,11889400
2009-07-09,17.016950607299805,29.34000015258789,29.575000762939453,29.174999237060547,29.55500030517578,5200000
2009-07-10,16.927051544189453,29.184999465942383,29.545000076293945,29.075000762939453,29.280000686645508,5515400
2009-07-13,17.135854721069336,29.545000076293945,29.700000762939453,29.21500015258789,29.290000915527344,6124600
2009-07-14,17.170650482177734,29.604999542236328,29.719999313354492,29.274999618530273,29.6299991607666,4371000
2009-07-15,17.321447372436523,29.864999771118164,29.875,29.524999618530273,29.774999618530273,5705400
2009-07-16,17.2779483795166,29.790000915527344,29.885000228881836,29.575000762939453,29.850000381469727,4431800
2009-07-17,17.054649353027344,29.405000686645508,29.875,29.264999389648438,29.739999771118164,5793200
2009-07-20,17.037248611450195,29.375,29.594999313354492,29.274999618530273,29.485000610351562,6067600
2009-07-21,16.97055435180664,29.260000228881836,29.649999618530273,29.020000457763672,29.549999237060547,7013000
2009-07-22,17.037248611450195,29.375,29.4950008392334,29.204999923706055,29.364999771118164,3782800
2009-07-23,17.15614891052246,29.579999923706055,29.885000228881836,29.299999237060547,29.434999465942383,4632800
2009-07-24,17.132951736450195,29.540000915527344,29.649999618530273,29.329999923706055,29.5,3144800
2009-07-27,17.098142623901367,29.479999542236328,29.56999969482422,29.165000915527344,29.56999969482422,2462200
2009-07-28,17.132951736450195,29.540000915527344,29.59000015258789,29.25,29.40999984741211,3464400
2009-07-29,17.132951736450195,29.540000915527344,29.649999618530273,29.225000381469727,29.469999313354492,3676400
2009-07-30,17.182247161865234,29.625,30.0,29.514999389648438,29.655000686645508,4819400
2009-07-31,17.08364486694336,29.454999923706055,29.799999237060547,29.420000076293945,29.670000076293945,3851800
2009-08-03,16.892257690429688,29.125,29.7549991607666,29.014999389648438,29.649999618530273,5447000
2009-08-04,16.892257690429688,29.125,29.375,28.825000762939453,29.1299991607666,6466800
2009-08-05,16.819753646850586,29.0,29.25,28.905000686645508,29.06999969482422,3950400
2009-08-06,16.773353576660156,28.920000076293945,29.2549991607666,28.774999618530273,29.030000686645508,4037800
2009-08-07,16.683452606201172,28.764999389648438,29.145000457763672,28.655000686645508,29.094999313354492,4693600
2009-08-10,16.860355377197266,29.06999969482422,29.19499969482422,28.614999771118164,28.829999923706055,5034800
2009-08-11,16.87485694885254,29.094999313354492,29.280000686645508,28.8700008392334,28.940000534057617,4002000
2009-08-12,16.773353576660156,28.920000076293945,29.079999923706055,28.80500030517578,29.024999618530273,4407200
2009-08-13,16.65155792236328,28.709999084472656,28.905000686645508,28.545000076293945,28.889999389648438,3840200
2009-08-14,16.747257232666016,28.875,28.959999084472656,28.594999313354492,28.81999969482422,3768000
2009-08-17,16.67765998840332,28.7549991607666,28.950000762939453,28.6299991607666,28.674999237060547,3793800
2009-08-18,16.72115707397461,28.829999923706055,28.950000762939453,28.559999465942383,28.739999771118164,3059600
2009-08-19,16.88935089111328,29.1200008392334,29.260000228881836,28.649999618530273,28.649999618530273,4477000
2009-08-20,16.987947463989258,29.290000915527344,29.334999084472656,28.795000076293945,29.184999465942383,3540400
2009-08-21,17.286653518676758,29.80500030517578,29.924999237060547,29.315000534057617,29.364999771118164,5109600
2009-08-24,17.202547073364258,29.65999984741211,29.790000915527344,29.46500015258789,29.729999542236328,3152200
2009-08-25,17.179349899291992,29.6200008392334,29.795000076293945,29.354999542236328,29.719999313354492,3161200
2009-08-26,17.28954315185547,29.809999465942383,30.0049991607666,29.55500030517578,29.584999084472656,4201400
2009-08-27,17.188053131103516,29.635000228881836,29.915000915527344,29.575000762939453,29.854999542236328,3380400
2009-08-28,17.10105323791504,29.485000610351562,29.795000076293945,29.43000030517578,29.735000610351562,3014600
2009-08-31,17.321447372436523,29.864999771118164,29.895000457763672,29.315000534057617,29.434999465942383,3793400
2009-09-01,17.170650482177734,29.604999542236328,29.815000534057617,29.5049991607666,29.80500030517578,4781200
2009-09-02,17.037248611450195,29.375,29.489999771118164,29.139999389648438,29.264999389648438,6076600
2009-09-03,16.99665069580078,29.30500030517578,29.489999771118164,28.989999771118164,29.489999771118164,3969600
2009-09-04,16.967653274536133,29.2549991607666,29.385000228881836,29.165000915527344,29.354999542236328,3517800
2009-09-08,17.54764175415039,30.2549991607666,30.2549991607666,29.309999465942383,29.674999237060547,7618800
2009-09-09,17.556346893310547,30.270000457763672,30.34000015258789,30.100000381469727,30.2549991607666,4792600
2009-09-10,17.66073989868164,30.450000762939453,30.454999923706055,29.94499969482422,30.299999237060547,7618200
2009-09-11,17.56793975830078,30.290000915527344,30.55500030517578,30.135000228881836,30.424999237060547,4184800
2009-09-14,17.56793975830078,30.290000915527344,30.360000610351562,30.125,30.184999465942383,2528000
2009-09-15,17.48674201965332,30.149999618530273,30.25,29.770000457763672,30.239999771118164,4935400
2009-09-16,17.466447830200195,30.114999771118164,30.114999771118164,29.44499969482422,29.735000610351562,7044600
2009-09-17,17.41714859008789,30.030000686645508,30.174999237060547,29.959999084472656,30.1299991607666,4785200
2009-09-18,17.48964500427246,30.155000686645508,30.200000762939453,29.899999618530273,30.06999969482422,6169600
2009-09-21,17.59113883972168,30.329999923706055,30.4950008392334,29.825000762939453,29.969999313354492,3860000
2009-09-22,17.68104362487793,30.485000610351562,30.584999084472656,30.200000762939453,30.440000534057617,7058600
2009-09-23,18.501726150512695,31.899999618530273,32.310001373291016,31.434999465942383,31.5,15010600
2009-09-24,18.40023422241211,31.725000381469727,32.06999969482422,31.600000381469727,31.90999984741211,7426000
2009-09-25,18.353836059570312,31.645000457763672,31.739999771118164,31.44499969482422,31.610000610351562,5041000
2009-09-28,18.707616806030273,32.255001068115234,32.29999923706055,31.7450008392334,31.780000686645508,6985400
2009-09-29,18.435028076171875,31.78499984741211,32.290000915527344,31.68000030517578,32.279998779296875,5891200
2009-09-30,18.6699275970459,32.189998626708984,32.244998931884766,31.540000915527344,31.7549991607666,7592000
2009-10-01,18.411832809448242,31.7450008392334,32.18000030517578,31.71500015258789,32.18000030517578,5736600
2009-10-02,18.52782440185547,31.94499969482422,32.025001525878906,31.594999313354492,31.594999313354492,4753200
2009-10-05,18.548128128051758,31.979999542236328,32.1349983215332,31.594999313354492,32.1349983215332,3439600
2009-10-06,18.82071876525879,32.45000076293945,32.505001068115234,32.310001373291016,32.505001068115234,5985400
2009-10-07,18.88498878479004,32.32500076293945,32.35499954223633,32.119998931884766,32.314998626708984,3597200
2009-10-08,18.896669387817383,32.345001220703125,32.404998779296875,32.064998626708984,32.345001220703125,3883800
2009-10-09,18.826566696166992,32.224998474121094,32.400001525878906,32.060001373291016,32.34000015258789,3106600
2009-10-12,18.896669387817383,32.345001220703125,32.564998626708984,32.1349983215332,32.220001220703125,3995600
2009-10-13,18.928804397583008,32.400001525878906,32.5,32.244998931884766,32.34000015258789,3091600
2009-10-14,18.934650421142578,32.40999984741211,32.525001525878906,32.29499816894531,32.48500061035156,2964000
2009-10-15,19.071935653686523,32.64500045776367,32.70000076293945,32.255001068115234,32.36000061035156,4744200
2009-10-16,19.279342651367188,33.0,33.16999816894531,32.494998931884766,32.625,6713400
2009-10-19,19.372814178466797,33.15999984741211,33.404998779296875,32.834999084472656,33.099998474121094,4081200
2009-10-20,19.378652572631836,33.16999816894531,33.380001068115234,32.95500183105469,33.2400016784668,4553200
2009-10-21,19.112838745117188,32.71500015258789,33.459999084472656,32.65999984741211,33.165000915527344,4514600
2009-10-22,19.14788246154785,32.775001525878906,32.8650016784668,32.400001525878906,32.70000076293945,3353000
2009-10-23,18.972618103027344,32.474998474121094,32.900001525878906,32.400001525878906,32.845001220703125,3075200
2009-10-26,18.990150451660156,32.505001068115234,32.814998626708984,32.334999084472656,32.540000915527344,3407600
2009-10-27,19.121599197387695,32.72999954223633,32.8849983215332,32.4900016784668,32.595001220703125,3483000
2009-10-28,18.955093383789062,32.44499969482422,32.79999923706055,32.40999984741211,32.61000061035156,5041600
2009-10-29,19.48381805419922,33.349998474121094,33.380001068115234,32.5,32.505001068115234,5568000
2009-10-30,19.255971908569336,32.959999084472656,33.45000076293945,32.92499923706055,33.400001525878906,7720600
2009-11-02,19.20631217956543,32.875,33.13999938964844,32.69499969482422,33.08000183105469,6365200
2009-11-03,18.995990753173828,32.51499938964844,32.849998474121094,32.310001373291016,32.78499984741211,4954400
2009-11-04,18.963857650756836,32.459999084472656,32.70000076293945,32.2400016784668,32.53499984741211,6016000
2009-11-05,19.35236930847168,33.125,33.224998474121094,32.47999954223633,32.494998931884766,5021600
2009-11-06,19.387420654296875,33.185001373291016,33.20000076293945,32.86000061035156,33.06999969482422,3222000
2009-11-09,19.489660263061523,33.36000061035156,33.404998779296875,33.03499984741211,33.30500030517578,3262600
2009-11-10,19.621105194091797,33.584999084472656,33.7400016784668,33.224998474121094,33.224998474121094,3838400
2009-11-11,19.556842803955078,33.474998474121094,33.75,33.435001373291016,33.71500015258789,3207000
2009-11-12,19.65324592590332,33.63999938964844,33.8849983215332,33.404998779296875,33.415000915527344,3888400
2009-11-13,19.74671173095703,33.79999923706055,33.849998474121094,33.60499954223633,33.709999084472656,2395800
2009-11-16,19.784690856933594,33.8650016784668,33.875,33.60499954223633,33.84000015258789,3521800
2009-11-17,19.73794937133789,33.78499984741211,33.875,33.685001373291016,33.8650016784668,3182200
2009-11-18,19.714576721191406,33.744998931884766,33.82500076293945,33.5,33.70500183105469,2641200
2009-11-19,19.720428466796875,33.755001068115234,33.810001373291016,33.34000015258789,33.665000915527344,3404000
2009-11-20,19.84602928161621,33.970001220703125,34.0,33.650001525878906,33.650001525878906,4608000
2009-11-23,19.962881088256836,34.16999816894531,34.349998474121094,33.96500015258789,34.04999923706055,3311400
2009-11-24,20.161516189575195,34.5099983215332,34.54999923706055,34.0,34.099998474121094,4440600
2009-11-25,20.073883056640625,34.36000061035156,34.470001220703125,34.165000915527344,34.42499923706055,2516400
2009-11-27,19.89277458190918,34.04999923706055,34.19499969482422,33.650001525878906,33.869998931884766,1688200
2009-11-30,19.86355972290039,34.0,34.1150016784668,33.834999084472656,34.11000061035156,3352200
2009-12-01,20.06219482421875,34.34000015258789,34.40999984741211,34.154998779296875,34.2400016784668,3669600
2009-12-02,20.027141571044922,34.279998779296875,34.5,34.20000076293945,34.27000045776367,3301800
2009-12-03,19.91905403137207,34.095001220703125,34.380001068115234,33.97999954223633,34.279998779296875,3048000
2009-12-04,20.135223388671875,34.46500015258789,34.5,34.14500045776367,34.2599983215332,3319800
2009-12-07,20.15567398071289,34.5,34.650001525878906,34.36000061035156,34.4900016784668,2766000
2009-12-08,20.076797485351562,34.3650016784668,34.53499984741211,34.060001373291016,34.41999816894531,3720800
2009-12-09,20.03882598876953,34.29999923706055,34.560001373291016,34.18000030517578,34.26499938964844,3673600
2009-12-10,20.076797485351562,34.3650016784668,34.560001373291016,34.25,34.290000915527344,3025200
2009-12-11,20.173187255859375,34.529998779296875,34.76499938964844,34.43000030517578,34.474998474121094,4228800
2009-12-14,20.135223388671875,34.46500015258789,34.689998626708984,34.334999084472656,34.6349983215332,3981800
2009-12-15,20.09432601928711,34.39500045776367,34.5,34.20500183105469,34.5,3973200
2009-12-16,19.948270797729492,34.14500045776367,34.619998931884766,34.099998474121094,34.474998474121094,5476400
2009-12-17,20.167356491088867,34.52000045776367,34.96500015258789,34.25,34.45000076293945,8856600
2009-12-18,20.14106559753418,34.474998474121094,34.939998626708984,34.04499816894531,34.709999084472656,7683200
2009-12-21,20.33094024658203,34.79999923706055,34.90999984741211,34.5099983215332,34.64500045776367,4210000
2009-12-22,20.707761764526367,35.44499969482422,35.4900016784668,34.84000015258789,34.935001373291016,7417200
2009-12-23,20.719446182250977,35.46500015258789,35.48500061035156,35.310001373291016,35.32500076293945,2839600
2009-12-24,20.72528839111328,35.474998474121094,35.5,35.33000183105469,35.35499954223633,1278200
2009-12-28,20.97357940673828,35.900001525878906,35.900001525878906,35.47999954223633,35.505001068115234,4164600
2009-12-29,21.014480590820312,35.970001220703125,36.04499816894531,35.83000183105469,35.939998626708984,3083400
2009-12-30,20.976503372192383,35.904998779296875,35.994998931884766,35.78499984741211,35.994998931884766,2375600
2009-12-31,20.684389114379883,35.404998779296875,35.9900016784668,35.400001525878906,35.9900016784668,2752400
2010-01-04,20.710683822631836,35.45000076293945,35.63999938964844,35.314998626708984,35.595001220703125,5156400
2010-01-05,20.517885208129883,35.119998931884766,35.59000015258789,34.80500030517578,35.58000183105469,7439200
2010-01-06,20.640579223632812,35.33000183105469,35.459999084472656,34.970001220703125,35.154998779296875,4686800
2010-01-07,20.972963333129883,35.650001525878906,35.71500015258789,34.974998474121094,35.099998474121094,6706800
2010-01-08,20.802356719970703,35.36000061035156,35.70000076293945,35.130001068115234,35.70000076293945,4445800
2010-01-11,20.82295036315918,35.39500045776367,35.459999084472656,35.150001525878906,35.32500076293945,2452200
2010-01-12,20.978845596313477,35.65999984741211,35.720001220703125,35.275001525878906,35.349998474121094,3686400
2010-01-13,21.072978973388672,35.81999969482422,35.95500183105469,35.43000030517578,35.619998931884766,4028000
2010-01-14,21.072978973388672,35.81999969482422,35.89500045776367,35.595001220703125,35.83000183105469,2270800
2010-01-15,20.98179054260254,35.665000915527344,35.98500061035156,35.55500030517578,35.83000183105469,3872400
2010-01-19,21.15239906311035,35.95500183105469,36.125,35.724998474121094,35.85499954223633,5109600
2010-01-20,21.01120376586914,35.71500015258789,35.77000045776367,35.529998779296875,35.77000045776367,4087000
2010-01-21,20.920028686523438,35.560001373291016,35.96500015258789,35.43000030517578,35.75,5222000
2010-01-22,20.872953414916992,35.47999954223633,35.92499923706055,35.43000030517578,35.57500076293945,7612800
2010-01-25,20.81707191467285,35.3849983215332,35.869998931884766,35.31999969482422,35.6349983215332,3934000
2010-01-26,20.872953414916992,35.47999954223633,35.525001525878906,34.974998474121094,35.25,5024200
2010-01-27,21.03767967224121,35.7599983215332,35.89500045776367,35.30500030517578,35.4900016784668,5461000
2010-01-28,21.164152145385742,35.974998474121094,36.22999954223633,35.845001220703125,35.939998626708984,6167400
2010-01-29,20.97590446472168,35.654998779296875,36.154998779296875,35.6349983215332,36.150001525878906,5146400
2010-02-01,20.893552780151367,35.51499938964844,35.915000915527344,35.369998931884766,35.915000915527344,5566800
2010-02-02,20.893552780151367,35.51499938964844,35.810001373291016,35.345001220703125,35.599998474121094,7693400
2010-02-03,20.74941062927246,35.27000045776367,35.57500076293945,35.099998474121094,35.57500076293945,6018400
2010-02-04,20.296415328979492,34.5,35.125,34.4900016784668,35.07500076293945,8263800
2010-02-05,20.187580108642578,34.314998626708984,34.540000915527344,34.03499984741211,34.369998931884766,5895600
2010-02-08,20.172876358032227,34.290000915527344,34.630001068115234,34.2599983215332,34.35499954223633,3941000
2010-02-09,20.42879295349121,34.724998474121094,34.90999984741211,34.435001373291016,34.435001373291016,3763600
2010-02-10,20.43467140197754,34.73500061035156,34.8650016784668,34.470001220703125,34.755001068115234,3514000
2010-02-11,20.422908782958984,34.71500015258789,34.724998474121094,34.349998474121094,34.630001068115234,4131000
2010-02-12,20.440549850463867,34.744998931884766,34.83000183105469,34.25,34.529998779296875,5271600
2010-02-16,20.77294921875,35.310001373291016,35.33000183105469,34.57500076293945,34.775001525878906,4646400
2010-02-17,20.875896453857422,35.48500061035156,35.57500076293945,35.290000915527344,35.31999969482422,3416800
2010-02-18,21.187698364257812,36.01499938964844,36.02000045776367,35.474998474121094,35.474998474121094,4300200
2010-02-19,21.28476905822754,36.18000030517578,36.23500061035156,35.849998474121094,35.994998931884766,2998000
2010-02-22,21.264179229736328,36.14500045776367,36.2400016784668,35.97999954223633,36.19499969482422,2646800
2010-02-23,21.14358139038086,35.939998626708984,36.20000076293945,35.84000015258789,36.05500030517578,2297200
2010-02-24,21.155345916748047,35.959999084472656,36.16999816894531,35.84000015258789,36.04999923706055,2578800
2010-02-25,21.08768653869629,35.845001220703125,35.88999938964844,35.439998626708984,35.78499984741211,4094600
2010-02-26,21.18182373046875,36.005001068115234,36.19499969482422,35.564998626708984,35.88999938964844,3671400
2010-03-01,21.311235427856445,36.224998474121094,36.38999938964844,35.994998931884766,35.994998931884766,4221000
2010-03-02,21.384775161743164,36.349998474121094,36.4900016784668,36.255001068115234,36.29999923706055,4592800
2010-03-03,21.46125602722168,36.47999954223633,36.630001068115234,36.30500030517578,36.3650016784668,3210200
2010-03-04,21.2906551361084,36.189998626708984,36.6150016784668,35.849998474121094,36.59000015258789,6746000
2010-03-05,21.3818359375,36.345001220703125,36.44499969482422,36.150001525878906,36.18000030517578,3623200
2010-03-08,21.222990036010742,36.07500076293945,36.404998779296875,35.915000915527344,36.404998779296875,3749600
2010-03-09,21.199466705322266,36.03499984741211,36.29999923706055,36.0,36.005001068115234,3365600
2010-03-10,21.252416610717773,36.125,36.209999084472656,35.94499969482422,36.05500030517578,4021800
2010-03-11,21.361244201660156,36.310001373291016,36.310001373291016,35.900001525878906,35.994998931884766,2792400
2010-03-12,21.28770637512207,36.185001373291016,36.5,36.025001525878906,36.38999938964844,3535800
2010-03-15,21.343591690063477,36.279998779296875,36.345001220703125,36.1349983215332,36.16999816894531,3758200
2010-03-16,21.552448272705078,36.6349983215332,36.69499969482422,36.275001525878906,36.310001373291016,4055000
2010-03-17,21.523033142089844,36.584999084472656,36.665000915527344,36.375,36.6349983215332,3369000
2010-03-18,21.661279678344727,36.81999969482422,36.869998931884766,36.494998931884766,36.595001220703125,4336000
2010-03-19,21.573034286499023,36.66999816894531,36.974998474121094,36.619998931884766,36.66999816894531,5539000
2010-03-22,21.467140197753906,36.4900016784668,36.625,36.334999084472656,36.560001373291016,6166400
2010-03-23,21.640697479248047,36.78499984741211,36.84000015258789,36.5099983215332,36.584999084472656,4904800
2010-03-24,21.23182487487793,36.09000015258789,36.650001525878906,36.025001525878906,36.494998931884766,9006800
2010-03-25,20.92884635925293,35.57500076293945,36.275001525878906,35.5,36.2599983215332,8410000
2010-03-26,20.731765747070312,35.2400016784668,35.630001068115234,35.1349983215332,35.630001068115234,5831000
2010-03-29,20.84354019165039,35.43000030517578,35.53499984741211,35.150001525878906,35.334999084472656,5175800
2010-03-30,20.934730529785156,35.584999084472656,35.68000030517578,35.435001373291016,35.45000076293945,6082200
2010-03-31,20.82295036315918,35.39500045776367,35.60499954223633,35.29999923706055,35.584999084472656,5512400
2010-04-01,20.996498107910156,35.689998626708984,35.845001220703125,35.54499816894531,35.54499816894531,5265000
2010-04-05,20.837657928466797,35.41999816894531,35.83000183105469,35.244998931884766,35.7400016784668,5360200
2010-04-06,20.740585327148438,35.255001068115234,35.45500183105469,35.20500183105469,35.32500076293945,5471400
2010-04-07,20.628807067871094,35.064998626708984,35.244998931884766,34.95500183105469,35.2400016784668,5748800
2010-04-08,20.78284454345703,35.08000183105469,35.154998779296875,34.67499923706055,34.89500045776367,5765600
2010-04-09,20.978349685668945,35.40999984741211,35.435001373291016,35.10499954223633,35.130001068115234,4877200
2010-04-12,20.84208869934082,35.18000030517578,35.52000045776367,35.064998626708984,35.439998626708984,4816200
2010-04-13,20.9368839263916,35.34000015258789,35.43000030517578,34.875,35.08000183105469,7381400
2010-04-14,20.993165969848633,35.435001373291016,35.57500076293945,35.084999084472656,35.33000183105469,5421600
2010-04-15,20.9161434173584,35.30500030517578,35.45000076293945,35.064998626708984,35.314998626708984,4964200
2010-04-16,20.794687271118164,35.099998474121094,35.404998779296875,34.98500061035156,35.17499923706055,5528800
2010-04-19,20.827281951904297,35.154998779296875,35.18000030517578,34.93000030517578,35.095001220703125,5124200
2010-04-20,20.88059425354004,35.244998931884766,35.26499938964844,35.0099983215332,35.185001373291016,4669200
2010-04-21,20.92206573486328,35.314998626708984,35.45000076293945,35.209999084472656,35.314998626708984,4122800
2010-04-22,20.853940963745117,35.20000076293945,35.44499969482422,34.970001220703125,35.125,3871600
2010-04-23,20.92206573486328,35.314998626708984,35.314998626708984,34.91999816894531,35.25,5255400
2010-04-26,20.9161434173584,35.30500030517578,35.494998931884766,35.209999084472656,35.334999084472656,4236600
2010-04-27,20.57845115661621,34.73500061035156,35.220001220703125,34.70500183105469,35.18000030517578,4404800
2010-04-28,20.824325561523438,35.150001525878906,35.165000915527344,34.27000045776367,34.7599983215332,7443800
2010-04-29,21.08795166015625,35.595001220703125,35.689998626708984,35.154998779296875,35.154998779296875,5929400
2010-04-30,21.079071044921875,35.58000183105469,35.88999938964844,35.56999969482422,35.69499969482422,6576000
2010-05-03,21.17089080810547,35.73500061035156,35.84000015258789,35.439998626708984,35.790000915527344,4553600
2010-05-04,21.20347785949707,35.790000915527344,36.0,35.55500030517578,35.95000076293945,8312400
2010-05-05,21.490812301635742,36.275001525878906,36.42499923706055,35.665000915527344,35.70500183105469,7139200
2010-05-06,21.005014419555664,35.45500183105469,36.44499969482422,34.75,36.224998474121094,9246000
2010-05-07,20.637699127197266,34.834999084472656,35.505001068115234,34.70500183105469,35.505001068115234,10124200
2010-05-10,21.307161331176758,35.96500015258789,36.04499816894531,35.44499969482422,36.04499816894531,5716800
2010-05-11,21.42268943786621,36.15999984741211,36.38999938964844,35.68000030517578,35.81999969482422,5140400
2010-05-12,21.775190353393555,36.755001068115234,36.755001068115234,36.07500076293945,36.279998779296875,6524600
2010-05-13,21.75148582458496,36.71500015258789,37.099998474121094,36.5,36.64500045776367,5875400
2010-05-14,21.547100067138672,36.369998931884766,36.66999816894531,36.18000030517578,36.595001220703125,6114200
2010-05-17,21.8936767578125,36.95500183105469,36.9900016784668,36.310001373291016,36.459999084472656,6667400
2010-05-18,21.83442497253418,36.85499954223633,37.224998474121094,36.84000015258789,37.1150016784668,5721400
2010-05-19,21.787031173706055,36.775001525878906,36.89500045776367,36.525001525878906,36.7400016784668,7605600
2010-05-20,21.185707092285156,35.7599983215332,36.439998626708984,35.685001373291016,36.31999969482422,6000400
2010-05-21,21.244951248168945,35.86000061035156,35.86000061035156,35.029998779296875,35.029998779296875,7023400
2010-05-24,21.200525283813477,35.78499984741211,36.150001525878906,35.525001525878906,35.71500015258789,4867600
2010-05-25,20.993165969848633,35.435001373291016,35.474998474121094,34.959999084472656,35.06999969482422,6815400
2010-05-26,20.883562088012695,35.25,35.71500015258789,35.21500015258789,35.654998779296875,5246800
2010-05-27,21.150161743164062,35.70000076293945,35.80500030517578,35.39500045776367,35.78499984741211,5126600
2010-05-28,21.099811553955078,35.6150016784668,35.91999816894531,35.595001220703125,35.79999923706055,4174400
2010-06-01,21.327896118164062,36.0,36.349998474121094,35.505001068115234,35.525001525878906,6438600
2010-06-02,22.009201049804688,37.150001525878906,37.150001525878906,36.040000915527344,36.040000915527344,7895800
2010-06-03,22.13953399658203,37.369998931884766,37.56999969482422,37.20500183105469,37.279998779296875,7888200
2010-06-04,21.712984085083008,36.650001525878906,37.13999938964844,36.52000045776367,37.13999938964844,6654200
2010-06-07,22.083253860473633,37.275001525878906,37.84000015258789,36.625,36.650001525878906,7015400
2010-06-08,22.258028030395508,37.56999969482422,37.69499969482422,37.18000030517578,37.369998931884766,19954200
2010-06-09,22.2165584564209,37.5,37.709999084472656,37.33000183105469,37.400001525878906,10692100
2010-06-10,22.465373992919922,37.91999816894531,38.040000915527344,37.56999969482422,37.70000076293945,7374100
2010-06-11,22.31134605407715,37.65999984741211,37.779998779296875,37.459999084472656,37.779998779296875,6250600
2010-06-14,22.566099166870117,38.09000015258789,38.31999969482422,37.7599983215332,37.97999954223633,5297900
2010-06-15,22.61349105834961,38.16999816894531,38.459999084472656,37.959999084472656,38.459999084472656,7774300
2010-06-16,22.708280563354492,38.33000183105469,38.400001525878906,37.84000015258789,37.959999084472656,4107000
2010-06-17,23.063751220703125,38.93000030517578,38.97999954223633,38.369998931884766,38.54999923706055,6003700
2010-06-18,22.832700729370117,38.540000915527344,38.97999954223633,38.439998626708984,38.939998626708984,5842200
2010-06-21,22.483158111572266,37.95000076293945,38.849998474121094,37.81999969482422,38.790000915527344,6259600
2010-06-22,22.34096908569336,37.709999084472656,38.13999938964844,37.65999984741211,37.970001220703125,5165500
2010-06-23,22.41798210144043,37.84000015258789,37.9900016784668,37.5,37.63999938964844,4071000
2010-06-24,22.258028030395508,37.56999969482422,38.0099983215332,37.5,37.79999923706055,5502900
2010-06-25,22.121767044067383,37.34000015258789,37.79999923706055,37.290000915527344,37.70000076293945,8835700
2010-06-28,22.157306671142578,37.400001525878906,37.63999938964844,37.09000015258789,37.310001373291016,5089800
2010-06-29,21.86109733581543,36.900001525878906,37.43000030517578,36.689998626708984,37.2400016784668,6407300
2010-06-30,21.04351806640625,35.52000045776367,35.900001525878906,34.95000076293945,35.04999923706055,14095400
2010-07-01,21.002050399780273,35.45000076293945,35.68000030517578,35.130001068115234,35.61000061035156,8049100
2010-07-02,20.98427391052246,35.41999816894531,35.63999938964844,35.20000076293945,35.45000076293945,5031200
2010-07-06,21.2153263092041,35.810001373291016,35.93000030517578,35.54999923706055,35.7599983215332,7046200
2010-07-07,21.58856201171875,36.439998626708984,36.459999084472656,35.68000030517578,35.810001373291016,6278400
2010-07-08,21.92290496826172,36.720001220703125,36.83000183105469,36.22999954223633,36.4900016784668,7242800
2010-07-09,21.58259391784668,36.150001525878906,36.720001220703125,36.150001525878906,36.63999938964844,6047700
2010-07-12,21.624385833740234,36.220001220703125,36.27000045776367,35.79999923706055,36.02000045776367,5784500
2010-07-13,21.719913482666016,36.380001068115234,36.61000061035156,36.27000045776367,36.380001068115234,4089100
2010-07-14,21.642311096191406,36.25,36.40999984741211,36.02000045776367,36.34000015258789,3449800
2010-07-15,21.534828186035156,36.06999969482422,36.310001373291016,35.86000061035156,36.18000030517578,5567600
2010-07-16,21.218402862548828,35.540000915527344,36.08000183105469,35.43000030517578,35.91999816894531,6165200
2010-07-19,21.128860473632812,35.38999938964844,35.70000076293945,35.2599983215332,35.70000076293945,4158800
2010-07-20,21.110950469970703,35.36000061035156,35.41999816894531,35.0,35.099998474121094,5681300
2010-07-21,20.913921356201172,35.029998779296875,35.560001373291016,34.939998626708984,35.560001373291016,4740800
2010-07-22,21.110950469970703,35.36000061035156,35.47999954223633,35.09000015258789,35.2400016784668,5973900
2010-07-23,21.206462860107422,35.52000045776367,35.58000183105469,35.220001220703125,35.41999816894531,4666500
2010-07-26,21.158702850341797,35.439998626708984,35.689998626708984,35.36000061035156,35.400001525878906,4392200
2010-07-27,21.427366256713867,35.88999938964844,36.0,35.29999923706055,35.5,5043800
2010-07-28,21.158702850341797,35.439998626708984,35.90999984741211,35.380001068115234,35.90999984741211,3635700
2010-07-29,20.376596450805664,34.130001068115234,35.11000061035156,34.130001068115234,35.029998779296875,10673500
2010-07-30,20.41838836669922,34.20000076293945,34.47999954223633,33.84000015258789,33.970001220703125,8450500
2010-08-02,20.507946014404297,34.349998474121094,35.029998779296875,34.310001373291016,35.029998779296875,6599000
2010-08-03,20.287046432495117,33.97999954223633,34.41999816894531,33.970001220703125,34.41999816894531,4589000
2010-08-04,20.66913604736328,34.619998931884766,34.70000076293945,34.0,34.0,3836500
2010-08-05,20.20942497253418,33.849998474121094,34.52000045776367,33.529998779296875,34.52000045776367,10074500
2010-08-06,20.042259216308594,33.56999969482422,33.72999954223633,33.11000061035156,33.72999954223633,7683000
2010-08-09,20.119876861572266,33.70000076293945,33.869998931884766,33.52000045776367,33.619998931884766,4530800
2010-08-10,20.287046432495117,33.97999954223633,34.150001525878906,33.41999816894531,33.41999816894531,5018600
2010-08-11,20.185550689697266,33.810001373291016,33.97999954223633,33.47999954223633,33.720001220703125,5340100
2010-08-12,20.55570411682129,34.43000030517578,34.439998626708984,33.5099983215332,33.61000061035156,9114400
2010-08-13,20.81243324279785,34.86000061035156,35.16999816894531,34.2400016784668,34.400001525878906,7105000
2010-08-16,20.985572814941406,35.150001525878906,35.15999984741211,34.5,34.77000045776367,6016300
2010-08-17,21.122882843017578,35.380001068115234,35.540000915527344,34.939998626708984,35.279998779296875,4722500
2010-08-18,21.14079475402832,35.40999984741211,35.540000915527344,35.13999938964844,35.439998626708984,4537800
2010-08-19,20.973623275756836,35.130001068115234,35.290000915527344,34.90999984741211,35.13999938964844,4158400
2010-08-20,20.979595184326172,35.13999938964844,35.20000076293945,34.869998931884766,34.869998931884766,3750200
2010-08-23,21.14079475402832,35.40999984741211,35.619998931884766,35.029998779296875,35.16999816894531,6044200
2010-08-24,21.20049476623535,35.5099983215332,35.70000076293945,35.15999984741211,35.20000076293945,6017400
2010-08-25,21.04527473449707,35.25,35.58000183105469,35.189998626708984,35.29999923706055,4144000
2010-08-26,21.02139663696289,35.209999084472656,35.40999984741211,34.939998626708984,35.25,5533500
2010-08-27,21.4930419921875,36.0,36.02000045776367,35.310001373291016,35.33000183105469,4907800
2010-08-30,21.290056228637695,35.65999984741211,36.20000076293945,35.65999984741211,35.88999938964844,4006100
2010-08-31,21.588565826416016,36.15999984741211,36.20000076293945,35.540000915527344,35.61000061035156,4945700
2010-09-01,21.528871536254883,36.060001373291016,36.4900016784668,35.9900016784668,36.40999984741211,4776300
2010-09-02,21.59453010559082,36.16999816894531,36.310001373291016,36.0,36.119998931884766,3402700
2010-09-03,21.528871536254883,36.060001373291016,36.33000183105469,35.81999969482422,36.33000183105469,4759100
2010-09-07,21.46318817138672,35.95000076293945,36.16999816894531,35.84000015258789,35.9900016784668,2767400
2010-09-08,21.696035385131836,36.34000015258789,36.470001220703125,36.040000915527344,36.040000915527344,3557900
2010-09-09,21.88111114501953,36.650001525878906,36.7400016784668,36.38999938964844,36.529998779296875,3244600
2010-09-10,22.203508377075195,37.189998626708984,37.20000076293945,36.34000015258789,36.34000015258789,4712100
2010-09-13,21.87513542175293,36.63999938964844,37.29999923706055,36.310001373291016,37.29999923706055,4004200
2010-09-14,21.773649215698242,36.470001220703125,36.65999984741211,36.310001373291016,36.65999984741211,3787500
2010-09-15,21.863203048706055,36.619998931884766,36.75,36.31999969482422,36.5099983215332,3073900
2010-09-16,21.934839248657227,36.7400016784668,36.779998779296875,36.5099983215332,36.68000030517578,3656700
2010-09-17,21.59453010559082,36.16999816894531,36.88999938964844,36.15999984741211,36.88999938964844,8469000
2010-09-20,21.59453010559082,36.16999816894531,36.5,36.099998474121094,36.33000183105469,7427600
2010-09-21,21.2960147857666,35.66999816894531,36.119998931884766,35.52000045776367,36.0099983215332,9911700
2010-09-22,21.869169235229492,36.630001068115234,37.13999938964844,35.970001220703125,36.27000045776367,8749100
2010-09-23,21.576631546020508,36.13999938964844,37.43000030517578,36.099998474121094,36.459999084472656,3776200
2010-09-24,22.233362197875977,37.2400016784668,37.36000061035156,36.5,36.5,7420600
2010-09-27,21.934839248657227,36.7400016784668,37.22999954223633,36.58000183105469,37.040000915527344,6488700
2010-09-28,22.06618309020996,36.959999084472656,36.970001220703125,36.310001373291016,36.810001373291016,4006600
2010-09-29,22.012453079223633,36.869998931884766,37.0,36.59000015258789,36.91999816894531,3037400
2010-09-30,21.81543731689453,36.540000915527344,37.209999084472656,36.279998779296875,37.0099983215332,5427200
2010-10-01,22.060224533081055,36.95000076293945,36.959999084472656,36.52000045776367,36.86000061035156,3588700
2010-10-04,22.084102630615234,36.9900016784668,37.16999816894531,36.72999954223633,36.81999969482422,3180500
2010-10-05,22.22142219543457,37.220001220703125,37.400001525878906,37.119998931884766,37.279998779296875,3540700
2010-10-06,22.43796730041504,37.29999923706055,37.29999923706055,36.86000061035156,36.9900016784668,4750400
2010-10-07,22.365785598754883,37.18000030517578,37.43000030517578,37.060001373291016,37.400001525878906,3073300
2010-10-08,22.245481491088867,36.97999954223633,37.2599983215332,36.63999938964844,37.2599983215332,5020200
2010-10-11,22.004858016967773,36.58000183105469,37.18000030517578,36.45000076293945,37.08000183105469,4853600
2010-10-12,22.17329216003418,36.86000061035156,36.95000076293945,36.47999954223633,36.599998474121094,4171700
2010-10-13,22.546253204345703,37.47999954223633,37.52000045776367,37.0,37.0,5716400
2010-10-14,22.407901763916016,37.25,37.540000915527344,37.029998779296875,37.380001068115234,3886400
2010-10-15,22.42594337463379,37.279998779296875,37.439998626708984,37.099998474121094,37.38999938964844,3471600
2010-10-18,22.504146575927734,37.40999984741211,37.439998626708984,37.06999969482422,37.27000045776367,3254600
2010-10-19,22.32367706298828,37.11000061035156,37.36000061035156,36.900001525878906,37.189998626708984,3839400
2010-10-20,22.35978126525879,37.16999816894531,37.4900016784668,37.130001068115234,37.16999816894531,2819300
2010-10-21,22.329700469970703,37.119998931884766,37.5099983215332,36.95000076293945,36.95000076293945,4049800
2010-10-22,22.43796730041504,37.29999923706055,37.38999938964844,37.119998931884766,37.130001068115234,2395800
2010-10-25,22.558290481567383,37.5,37.70000076293945,37.310001373291016,37.369998931884766,3593800
2010-10-26,22.492115020751953,37.38999938964844,37.599998474121094,37.16999816894531,37.599998474121094,2440000
2010-10-27,22.35978126525879,37.16999816894531,37.2599983215332,36.84000015258789,37.2400016784668,2689500
2010-10-28,22.522193908691406,37.439998626708984,37.529998779296875,37.06999969482422,37.29999923706055,2675000
2010-10-29,22.59438705444336,37.560001373291016,37.630001068115234,37.38999938964844,37.40999984741211,2486200
2010-11-01,22.341726303100586,37.13999938964844,37.70000076293945,36.88999938964844,37.70000076293945,4653400
2010-11-02,22.19736099243164,36.900001525878906,37.439998626708984,36.77000045776367,37.349998474121094,5109800
2010-11-03,22.09508514404297,36.72999954223633,36.970001220703125,36.52000045776367,36.900001525878906,4394900
2010-11-04,21.944698333740234,36.47999954223633,37.0,36.33000183105469,36.90999984741211,6529300
2010-11-05,21.974777221679688,36.529998779296875,36.59000015258789,36.15999984741211,36.47999954223633,4083600
2010-11-08,22.083051681518555,36.709999084472656,36.810001373291016,36.2400016784668,36.38999938964844,3284700
2010-11-09,21.758214950561523,36.16999816894531,36.709999084472656,35.91999816894531,36.66999816894531,5205600
2010-11-10,21.71611213684082,36.099998474121094,36.130001068115234,35.68000030517578,36.04999923706055,4285500
2010-11-11,22.0108699798584,36.59000015258789,36.70000076293945,36.0,36.0,5701400
2010-11-12,21.860490798950195,36.34000015258789,36.58000183105469,36.11000061035156,36.470001220703125,3121400
2010-11-15,21.571741104125977,35.86000061035156,36.66999816894531,35.849998474121094,36.5,4344000
2010-11-16,21.39728546142578,35.56999969482422,36.0099983215332,35.400001525878906,35.790000915527344,4190400
2010-11-17,21.114551544189453,35.099998474121094,35.79999923706055,34.880001068115234,35.5,7002500
2010-11-18,21.24088478088379,35.310001373291016,35.400001525878906,35.08000183105469,35.27000045776367,4081700
2010-11-19,21.120576858520508,35.11000061035156,35.36000061035156,35.02000045776367,35.36000061035156,4160500
2010-11-22,21.23486328125,35.29999923706055,35.349998474121094,34.90999984741211,34.90999984741211,4580300
2010-11-23,21.048389434814453,34.9900016784668,35.220001220703125,34.81999969482422,35.0,5524000
2010-11-24,21.19877815246582,35.2400016784668,35.310001373291016,35.0,35.0,2908800
2010-11-26,21.120576858520508,35.11000061035156,35.27000045776367,34.97999954223633,35.060001373291016,1520300
2010-11-29,21.32509994506836,35.45000076293945,35.5,34.939998626708984,34.97999954223633,5525500
2010-11-30,21.25291633605957,35.33000183105469,35.47999954223633,35.06999969482422,35.11000061035156,5801900
2010-12-01,21.43939971923828,35.63999938964844,35.709999084472656,35.290000915527344,35.63999938964844,3359300
2010-12-02,21.45142936706543,35.65999984741211,35.81999969482422,35.540000915527344,35.630001068115234,5386000
2010-12-03,21.421348571777344,35.61000061035156,35.880001068115234,35.5,35.720001220703125,3068200
2010-12-06,21.192752838134766,35.22999954223633,35.599998474121094,35.09000015258789,35.599998474121094,5868400
2010-12-07,21.07846450805664,35.040000915527344,35.439998626708984,34.959999084472656,35.380001068115234,7527700
2010-12-08,21.313066482543945,35.43000030517578,35.529998779296875,35.0099983215332,35.0099983215332,3280900
2010-12-09,21.457447052001953,35.66999816894531,35.790000915527344,35.52000045776367,35.54999923706055,4774800
2010-12-10,21.475482940673828,35.70000076293945,35.86000061035156,35.599998474121094,35.68000030517578,3859800
2010-12-13,21.6439208984375,35.97999954223633,36.0,35.810001373291016,35.95000076293945,4215600
2010-12-14,21.920637130737305,36.439998626708984,36.470001220703125,35.959999084472656,36.0099983215332,5112800
2010-12-15,21.884552001953125,36.380001068115234,36.599998474121094,36.2599983215332,36.45000076293945,4510500
2010-12-16,22.0108699798584,36.59000015258789,36.779998779296875,36.099998474121094,36.099998474121094,7936800
2010-12-17,21.884552001953125,36.380001068115234,36.45000076293945,35.869998931884766,36.45000076293945,8367900
2010-12-20,21.830406188964844,36.290000915527344,36.36000061035156,36.09000015258789,36.31999969482422,3981800
2010-12-21,21.313066482543945,35.43000030517578,36.38999938964844,35.41999816894531,36.31999969482422,7217600
2010-12-22,21.421348571777344,35.61000061035156,35.66999816894531,35.310001373291016,35.41999816894531,3394700
2010-12-23,21.499561309814453,35.7400016784668,35.90999984741211,35.630001068115234,35.63999938964844,1945600
2010-12-27,21.46346664428711,35.68000030517578,35.849998474121094,35.61000061035156,35.7400016784668,1478100
2010-12-28,21.409318923950195,35.59000015258789,35.810001373291016,35.45000076293945,35.779998779296875,2258300
2010-12-29,21.307050704956055,35.41999816894531,35.68000030517578,35.41999816894531,35.61000061035156,2367800
2010-12-30,21.355180740356445,35.5,35.560001373291016,35.349998474121094,35.369998931884766,1537000
2010-12-31,21.409318923950195,35.59000015258789,35.900001525878906,35.43000030517578,35.439998626708984,2233500
2011-01-03,21.355180740356445,35.5,35.959999084472656,35.470001220703125,35.75,4851800
2011-01-04,21.4694766998291,35.689998626708984,35.720001220703125,35.369998931884766,35.630001068115234,5734600
2011-01-05,22.02891731262207,36.619998931884766,36.68000030517578,35.88999938964844,35.88999938964844,10510500
2011-01-06,21.798568725585938,35.959999084472656,36.38999938964844,35.880001068115234,36.15999984741211,5884000
2011-01-07,21.59246063232422,35.619998931884766,36.0099983215332,35.560001373291016,35.900001525878906,4871800
2011-01-10,21.7258243560791,35.84000015258789,36.060001373291016,35.34000015258789,35.54999923706055,5491300
2011-01-11,21.859182357788086,36.060001373291016,36.20000076293945,35.709999084472656,35.939998626708984,4566700
2011-01-12,22.222904205322266,36.65999984741211,36.7599983215332,36.029998779296875,36.029998779296875,5083400
2011-01-13,22.022863388061523,36.33000183105469,36.630001068115234,36.310001373291016,36.540000915527344,3351500
2011-01-14,21.701574325561523,35.79999923706055,36.529998779296875,35.75,36.33000183105469,5132900
2011-01-18,21.731887817382812,35.849998474121094,36.0,35.75,35.91999816894531,4033900
2011-01-19,21.774316787719727,35.91999816894531,36.0,35.70000076293945,35.79999923706055,4221100
2011-01-20,22.501750946044922,37.119998931884766,37.22999954223633,35.959999084472656,35.959999084472656,8689000
2011-01-21,22.113780975341797,36.47999954223633,37.16999816894531,36.310001373291016,37.08000183105469,6239500
2011-01-24,22.053165435791016,36.380001068115234,36.77000045776367,36.290000915527344,36.52000045776367,4350600
2011-01-25,21.81675148010254,35.9900016784668,36.58000183105469,35.849998474121094,36.5,5638900
2011-01-26,21.622772216796875,35.66999816894531,36.11000061035156,35.5,36.11000061035156,4450200
2011-01-27,21.453039169311523,35.38999938964844,35.86000061035156,35.2599983215332,35.86000061035156,4681800
2011-01-28,21.180255889892578,34.939998626708984,35.4900016784668,34.91999816894531,35.33000183105469,5133700
2011-01-31,21.083263397216797,34.779998779296875,35.060001373291016,34.720001220703125,34.970001220703125,3224100
2011-02-01,20.974153518676758,34.599998474121094,35.02000045776367,34.540000915527344,34.93000030517578,5189600
2011-02-02,21.010517120361328,34.65999984741211,34.939998626708984,34.540000915527344,34.650001525878906,5106300
2011-02-03,21.1923828125,34.959999084472656,35.04999923706055,34.68000030517578,34.79999923706055,7619200
2011-02-04,21.550033569335938,35.54999923706055,35.630001068115234,34.869998931884766,35.0,4992100
2011-02-07,21.44091796875,35.369998931884766,35.709999084472656,35.33000183105469,35.650001525878906,5148100
2011-02-08,21.671266555786133,35.75,35.75,35.41999816894531,35.45000076293945,3156000
2011-02-09,21.71370506286621,35.81999969482422,35.93000030517578,35.54999923706055,35.7599983215332,3552300
2011-02-10,21.616708755493164,35.65999984741211,35.91999816894531,35.43000030517578,35.75,4962500
2011-02-11,21.768259048461914,35.90999984741211,35.93000030517578,35.439998626708984,35.560001373291016,4421500
2011-02-14,21.889495849609375,36.11000061035156,36.13999938964844,35.599998474121094,35.97999954223633,3987200
2011-02-15,21.671266555786133,35.75,36.209999084472656,35.68000030517578,36.209999084472656,4025900
2011-02-16,21.762191772460938,35.900001525878906,35.95000076293945,35.650001525878906,35.849998474121094,3430300
2011-02-17,21.889495849609375,36.11000061035156,36.20000076293945,35.70000076293945,35.79999923706055,3577300
2011-02-18,21.883434295654297,36.099998474121094,36.209999084472656,35.66999816894531,36.20000076293945,4496200
2011-02-22,22.283525466918945,36.7599983215332,36.91999816894531,36.22999954223633,36.31999969482422,6590900
2011-02-23,22.550249099731445,37.20000076293945,37.27000045776367,36.779998779296875,36.84000015258789,9046700
2011-02-24,22.21077537536621,36.63999938964844,37.310001373291016,36.61000061035156,37.11000061035156,5645200
2011-02-25,22.51387596130371,37.13999938964844,37.15999984741211,36.599998474121094,36.779998779296875,3584000
2011-02-28,22.51387596130371,37.13999938964844,37.45000076293945,37.099998474121094,37.27000045776367,4337100
2011-03-01,22.301708221435547,36.790000915527344,37.27000045776367,36.7400016784668,37.27000045776367,4740500
2011-03-02,22.332006454467773,36.84000015258789,37.0,36.70000076293945,36.880001068115234,3535700
2011-03-03,22.338077545166016,36.849998474121094,36.9900016784668,36.61000061035156,36.93000030517578,4582600
2011-03-04,22.283525466918945,36.7599983215332,37.25,36.59000015258789,36.91999816894531,3570400
2011-03-07,22.301708221435547,36.790000915527344,36.9900016784668,36.709999084472656,36.900001525878906,2713800
2011-03-08,22.598735809326172,37.279998779296875,37.29999923706055,36.709999084472656,36.84000015258789,2662200
2011-03-09,22.7017822265625,37.45000076293945,37.47999954223633,37.150001525878906,37.15999984741211,2543000
2011-03-10,22.45325469970703,37.040000915527344,37.459999084472656,36.93000030517578,37.22999954223633,3746400
2011-03-11,22.616912841796875,37.310001373291016,37.380001068115234,37.02000045776367,37.09000015258789,2173100
2011-03-14,22.38050651550293,36.91999816894531,37.220001220703125,36.849998474121094,37.189998626708984,2305500
2011-03-15,22.156219482421875,36.54999923706055,36.68000030517578,36.33000183105469,36.470001220703125,3326500
2011-03-16,21.85312843322754,36.04999923706055,36.56999969482422,35.95000076293945,36.43000030517578,3766600
2011-03-17,21.901628494262695,36.130001068115234,36.439998626708984,35.029998779296875,36.29999923706055,8869100
2011-03-18,22.216842651367188,36.650001525878906,36.97999954223633,36.31999969482422,36.5,5043200
2011-03-21,22.501750946044922,37.119998931884766,37.209999084472656,36.72999954223633,36.810001373291016,3535000
2011-03-22,22.374454498291016,36.90999984741211,37.22999954223633,36.689998626708984,37.099998474121094,3518200
2011-03-23,21.968299865722656,36.2400016784668,36.599998474121094,35.68000030517578,36.290000915527344,7905000
2011-03-24,22.156219482421875,36.54999923706055,36.70000076293945,36.310001373291016,36.40999984741211,3545000
2011-03-25,22.12590789794922,36.5,36.90999984741211,36.459999084472656,36.65999984741211,3158600
2011-03-28,22.168346405029297,36.56999969482422,36.7599983215332,36.560001373291016,36.619998931884766,2889500
2011-03-29,22.186519622802734,36.599998474121094,36.650001525878906,36.380001068115234,36.58000183105469,2648000
2011-03-30,22.27745819091797,36.75,36.900001525878906,36.599998474121094,36.7400016784668,2624100
2011-03-31,22.156219482421875,36.54999923706055,36.790000915527344,36.52000045776367,36.63999938964844,2566600
2011-04-01,22.059226989746094,36.38999938964844,36.689998626708984,36.369998931884766,36.54999923706055,3968200
2011-04-04,22.150163650512695,36.540000915527344,36.619998931884766,36.470001220703125,36.5,3096200
2011-04-05,22.016801834106445,36.31999969482422,36.689998626708984,36.2599983215332,36.54999923706055,3703400
2011-04-06,22.107725143432617,36.470001220703125,36.630001068115234,36.209999084472656,36.38999938964844,5124100
2011-04-07,21.985546112060547,35.9900016784668,36.349998474121094,35.88999938964844,36.15999984741211,4588400
2011-04-08,22.119945526123047,36.209999084472656,36.439998626708984,36.0099983215332,36.04999923706055,4516500
2011-04-11,22.29709815979004,36.5,36.77000045776367,36.09000015258789,36.099998474121094,3839400
2011-04-12,22.352073669433594,36.59000015258789,36.7400016784668,36.31999969482422,36.400001525878906,3265100
2011-04-13,22.352073669433594,36.59000015258789,36.869998931884766,36.5,36.63999938964844,2406300
2011-04-14,22.633075714111328,37.04999923706055,37.09000015258789,36.470001220703125,36.58000183105469,3640500
2011-04-15,22.81634521484375,37.349998474121094,37.380001068115234,36.97999954223633,37.209999084472656,4687200
2011-04-18,22.71249008178711,37.18000030517578,37.5,37.040000915527344,37.099998474121094,3870900
2011-04-19,22.938520431518555,37.54999923706055,37.54999923706055,37.09000015258789,37.150001525878906,3851400
2011-04-20,23.219528198242188,38.0099983215332,38.16999816894531,37.61000061035156,37.880001068115234,7456400
2011-04-21,23.15843963623047,37.90999984741211,37.9900016784668,37.75,37.970001220703125,3726200
2011-04-25,23.341707229614258,38.209999084472656,38.38999938964844,37.790000915527344,37.790000915527344,5924500
2011-04-26,23.512744903564453,38.4900016784668,38.5,38.2400016784668,38.31999969482422,4700000
2011-04-27,23.537185668945312,38.529998779296875,38.58000183105469,38.29999923706055,38.5,3634900
2011-04-28,23.51885414123535,38.5,38.630001068115234,38.31999969482422,38.45000076293945,3930800
2011-04-29,23.567724227905273,38.58000183105469,38.75,38.41999816894531,38.47999954223633,3053900
2011-05-02,23.781539916992188,38.93000030517578,39.099998474121094,38.66999816894531,38.68000030517578,6970300
2011-05-03,23.995344161987305,39.279998779296875,39.31999969482422,38.900001525878906,38.91999816894531,4394400
2011-05-04,23.708229064941406,38.810001373291016,39.2400016784668,38.75,39.130001068115234,3273400
2011-05-05,23.463871002197266,38.40999984741211,38.75,38.290000915527344,38.70000076293945,3682700
2011-05-06,23.622703552246094,38.66999816894531,38.95000076293945,38.529998779296875,38.68000030517578,2904900
2011-05-09,23.647138595581055,38.709999084472656,38.779998779296875,38.4900016784668,38.68000030517578,3196500
2011-05-10,23.824296951293945,39.0,39.099998474121094,38.709999084472656,38.72999954223633,2291800
2011-05-11,23.702119827270508,38.79999923706055,39.119998931884766,38.68000030517578,38.959999084472656,2230200
2011-05-12,24.135835647583008,39.5099983215332,39.5099983215332,38.540000915527344,38.61000061035156,4348800
2011-05-13,24.26413917541504,39.720001220703125,39.77000045776367,39.40999984741211,39.52000045776367,4126500
2011-05-16,24.196928024291992,39.61000061035156,39.7400016784668,39.38999938964844,39.56999969482422,3142400
2011-05-17,24.355749130249023,39.869998931884766,39.900001525878906,39.5,39.529998779296875,4727700
2011-05-18,24.36798095703125,39.88999938964844,39.90999984741211,39.650001525878906,39.900001525878906,4229300
2011-05-19,24.40462875366211,39.95000076293945,39.970001220703125,39.720001220703125,39.95000076293945,3806900
2011-05-20,24.26413917541504,39.720001220703125,40.0,39.63999938964844,39.90999984741211,3339500
2011-05-23,24.28856086730957,39.7599983215332,39.84000015258789,39.43000030517578,39.54999923706055,2705600
2011-05-24,24.16638946533203,39.560001373291016,39.79999923706055,39.400001525878906,39.79999923706055,2617200
2011-05-25,23.934268951416016,39.18000030517578,39.45000076293945,39.0,39.45000076293945,3037900
2011-05-26,23.90371322631836,39.130001068115234,39.22999954223633,38.83000183105469,39.20000076293945,3592200
2011-05-27,24.001447677612305,39.290000915527344,39.38999938964844,39.0099983215332,39.130001068115234,1930300
2011-05-31,24.294679641723633,39.77000045776367,39.779998779296875,39.18000030517578,39.560001373291016,3566600
2011-06-01,23.958690643310547,39.220001220703125,39.630001068115234,39.20000076293945,39.61000061035156,2831300
2011-06-02,23.488317489624023,38.45000076293945,39.209999084472656,38.310001373291016,38.83000183105469,4361800
2011-06-03,23.1767578125,37.939998626708984,38.18000030517578,37.849998474121094,38.130001068115234,3452700
2011-06-06,23.097352981567383,37.810001373291016,38.119998931884766,37.7599983215332,37.959999084472656,4505300
2011-06-07,23.12178611755371,37.849998474121094,38.060001373291016,37.77000045776367,37.97999954223633,2802900
2011-06-08,23.170656204223633,37.93000030517578,38.0,37.54999923706055,37.75,2131200
2011-06-09,23.25007438659668,38.060001373291016,38.31999969482422,37.7599983215332,37.939998626708984,2388000
2011-06-10,22.94463539123535,37.560001373291016,38.09000015258789,37.52000045776367,37.970001220703125,2851000
2011-06-13,23.268396377563477,38.09000015258789,38.220001220703125,37.54999923706055,37.599998474121094,2585900
2011-06-14,23.38446807861328,38.279998779296875,38.33000183105469,37.849998474121094,38.290000915527344,3102600
2011-06-15,23.04847526550293,37.72999954223633,38.13999938964844,37.599998474121094,37.900001525878906,2994000
2011-06-16,23.140108108520508,37.880001068115234,37.959999084472656,37.2599983215332,37.290000915527344,4076300
2011-06-17,23.182876586914062,37.95000076293945,38.349998474121094,37.95000076293945,38.06999969482422,4516600
2011-06-20,23.41500473022461,38.33000183105469,38.400001525878906,37.84000015258789,37.84000015258789,2667000
2011-06-21,23.41500473022461,38.33000183105469,38.630001068115234,38.29999923706055,38.380001068115234,4046700
2011-06-22,23.170656204223633,37.93000030517578,38.31999969482422,37.84000015258789,38.189998626708984,3653100
2011-06-23,22.71860694885254,37.189998626708984,37.650001525878906,36.93000030517578,37.650001525878906,7381000
2011-06-24,22.510910034179688,36.849998474121094,37.38999938964844,36.83000183105469,37.209999084472656,7725000
2011-06-27,22.755250930786133,37.25,37.31999969482422,36.91999816894531,36.970001220703125,5077700
2011-06-28,22.73082733154297,37.209999084472656,37.5,37.040000915527344,37.38999938964844,6305200
2011-06-29,22.83466911315918,37.380001068115234,37.810001373291016,36.54999923706055,36.869998931884766,9634400
2011-06-30,22.7369327545166,37.220001220703125,37.5099983215332,37.0099983215332,37.36000061035156,6863600
2011-07-01,22.81634521484375,37.349998474121094,37.400001525878906,36.84000015258789,36.880001068115234,4093900
2011-07-05,22.700275421142578,37.15999984741211,37.2400016784668,36.81999969482422,36.959999084472656,3988000
2011-07-06,22.785795211791992,37.29999923706055,37.33000183105469,37.02000045776367,37.08000183105469,3316600
2011-07-07,22.7950382232666,37.0099983215332,37.25,36.779998779296875,37.189998626708984,5895000
2011-07-08,22.671855926513672,36.810001373291016,37.0,36.70000076293945,36.900001525878906,4768100
2011-07-11,22.702651977539062,36.86000061035156,36.93000030517578,36.59000015258789,36.599998474121094,4334100
2011-07-12,22.819669723510742,37.04999923706055,37.209999084472656,36.72999954223633,36.81999969482422,4305500
2011-07-13,22.714977264404297,36.880001068115234,37.27000045776367,36.75,37.220001220703125,4541100
2011-07-14,23.010608673095703,37.36000061035156,37.66999816894531,36.709999084472656,36.81999969482422,8369000
2011-07-15,23.250812530517578,37.75,37.7599983215332,37.20000076293945,37.279998779296875,8631000
2011-07-18,23.035240173339844,37.400001525878906,37.63999938964844,37.08000183105469,37.61000061035156,4515400
2011-07-19,23.287776947021484,37.810001373291016,37.91999816894531,37.439998626708984,37.59000015258789,6434700
2011-07-20,23.238500595092773,37.72999954223633,37.97999954223633,37.540000915527344,37.90999984741211,3307100
2011-07-21,23.31239891052246,37.849998474121094,38.0,37.720001220703125,37.88999938964844,4271600
2011-07-22,23.29392433166504,37.81999969482422,37.9900016784668,37.77000045776367,37.93000030517578,2487000
2011-07-25,23.226177215576172,37.709999084472656,37.91999816894531,37.43000030517578,37.43000030517578,3201200
2011-07-26,23.281614303588867,37.79999923706055,37.88999938964844,37.540000915527344,37.790000915527344,3237400
2011-07-27,23.109161376953125,37.52000045776367,37.959999084472656,37.43000030517578,37.810001373291016,5741000
2011-07-28,22.967496871948242,37.290000915527344,37.79999923706055,37.2599983215332,37.5099983215332,2951900
2011-07-29,23.00444984436035,37.349998474121094,37.650001525878906,36.97999954223633,37.11000061035156,4416800
2011-08-01,22.856624603271484,37.11000061035156,37.90999984741211,36.81999969482422,37.90999984741211,3727200
2011-08-02,22.48092269897461,36.5,37.0099983215332,36.5,36.939998626708984,4148400
2011-08-03,22.610261917114258,36.709999084472656,36.709999084472656,36.22999954223633,36.54999923706055,4356000
2011-08-04,22.049776077270508,35.79999923706055,37.119998931884766,35.77000045776367,36.459999084472656,7513200
2011-08-05,22.468595504760742,36.47999954223633,36.779998779296875,35.59000015258789,36.099998474121094,8439600
2011-08-08,21.932754516601562,35.61000061035156,36.560001373291016,35.59000015258789,35.65999984741211,11873200
2011-08-09,22.179119110107422,36.0099983215332,36.08000183105469,34.63999938964844,35.650001525878906,9961500
2011-08-10,21.526243209838867,34.95000076293945,35.880001068115234,34.810001373291016,35.599998474121094,9284900
2011-08-11,22.037464141845703,35.779998779296875,36.150001525878906,34.81999969482422,35.04999923706055,7901000
2011-08-12,22.27766227722168,36.16999816894531,36.25,35.599998474121094,35.869998931884766,5589000
2011-08-15,22.548677444458008,36.61000061035156,36.61000061035156,36.029998779296875,36.41999816894531,3150400
2011-08-16,22.58562469482422,36.66999816894531,36.83000183105469,36.25,36.400001525878906,5311300
2011-08-17,22.62258529663086,36.72999954223633,37.06999969482422,36.58000183105469,36.81999969482422,3395200
2011-08-18,22.35773468017578,36.29999923706055,36.7400016784668,35.939998626708984,36.2400016784668,6554300
2011-08-19,22.055940628051758,35.810001373291016,36.59000015258789,35.810001373291016,36.099998474121094,6084000
2011-08-22,22.302305221557617,36.209999084472656,36.36000061035156,35.970001220703125,36.16999816894531,4169400
2011-08-23,22.63489532470703,36.75,36.75,36.04999923706055,36.25,4092400
2011-08-24,22.782718658447266,36.9900016784668,37.08000183105469,36.43000030517578,36.70000076293945,3918200
2011-08-25,22.536352157592773,36.59000015258789,37.130001068115234,36.36000061035156,37.0099983215332,4063400
2011-08-26,22.59178924560547,36.68000030517578,36.81999969482422,35.84000015258789,36.52000045776367,3543400
2011-08-29,23.12763214111328,37.54999923706055,37.54999923706055,36.849998474121094,36.95000076293945,3005400
2011-08-30,23.195390701293945,37.65999984741211,37.900001525878906,37.150001525878906,37.41999816894531,3638800
2011-08-31,23.349369049072266,37.90999984741211,38.09000015258789,37.619998931884766,37.7400016784668,4029300
2011-09-01,23.226177215576172,37.709999084472656,38.18000030517578,37.68000030517578,37.939998626708984,3483100
2011-09-02,23.041397094726562,37.40999984741211,37.7400016784668,37.290000915527344,37.29999923706055,2993900
2011-09-06,22.72112274169922,36.88999938964844,37.099998474121094,36.540000915527344,36.70000076293945,4910100
2011-09-07,23.13379669189453,37.560001373291016,37.619998931884766,37.11000061035156,37.31999969482422,3782300
2011-09-08,23.343198776245117,37.900001525878906,38.189998626708984,37.33000183105469,37.459999084472656,4235300
2011-09-09,23.109161376953125,37.52000045776367,37.7599983215332,37.22999954223633,37.709999084472656,6165200
2011-09-12,22.912071228027344,37.20000076293945,37.4900016784668,36.61000061035156,37.2599983215332,5877800
2011-09-13,22.77041244506836,36.970001220703125,37.279998779296875,36.7599983215332,37.25,5408900
2011-09-14,22.905900955200195,37.189998626708984,37.459999084472656,36.75,37.060001373291016,6150100
2011-09-15,23.281614303588867,37.79999923706055,37.90999984741211,37.290000915527344,37.290000915527344,4223300
2011-09-16,23.220029830932617,37.70000076293945,38.189998626708984,37.650001525878906,37.91999816894531,7003600
2011-09-19,23.121471405029297,37.540000915527344,37.66999816894531,36.95000076293945,37.38999938964844,3999100
2011-09-20,23.090682983398438,37.4900016784668,38.029998779296875,37.27000045776367,37.93000030517578,4415300
2011-09-21,23.675798416137695,38.439998626708984,39.560001373291016,37.970001220703125,37.970001220703125,12665900
2011-09-22,24.328662872314453,39.5,39.79999923706055,37.7599983215332,37.869998931884766,19654500
2011-09-23,23.94063949584961,38.869998931884766,39.20000076293945,38.560001373291016,38.95000076293945,9001300
2011-09-26,24.316356658935547,39.47999954223633,39.58000183105469,38.849998474121094,39.029998779296875,5614600
2011-09-27,24.297870635986328,39.45000076293945,39.880001068115234,39.33000183105469,39.869998931884766,7191000
2011-09-28,23.79899024963379,38.63999938964844,39.63999938964844,38.619998931884766,39.43000030517578,5917900
2011-09-29,23.96527671813965,38.90999984741211,39.16999816894531,38.619998931884766,38.939998626708984,5555100
2011-09-30,23.706586837768555,38.4900016784668,39.16999816894531,38.470001220703125,38.790000915527344,5289100
2011-10-03,23.38016128540039,37.959999084472656,38.61000061035156,37.95000076293945,38.2599983215332,5491000
2011-10-04,23.429428100585938,38.040000915527344,38.08000183105469,37.369998931884766,37.619998931884766,7200000
2011-10-05,23.556711196899414,37.939998626708984,37.970001220703125,37.529998779296875,37.83000183105469,4606800
2011-10-06,23.699520111083984,38.16999816894531,38.220001220703125,37.790000915527344,37.86000061035156,4455000
2011-10-07,24.059648513793945,38.75,39.0,38.09000015258789,38.220001220703125,5345100
2011-10-10,24.4073429107666,39.310001373291016,39.34000015258789,38.7599983215332,39.060001373291016,3395400
2011-10-11,24.78608512878418,39.91999816894531,40.25,39.400001525878906,39.43000030517578,8266500
2011-10-12,24.699159622192383,39.779998779296875,40.099998474121094,39.529998779296875,39.97999954223633,5538000
2011-10-13,24.413549423217773,39.31999969482422,39.650001525878906,39.029998779296875,39.56999969482422,3808600
2011-10-14,24.624656677246094,39.65999984741211,39.81999969482422,39.25,39.540000915527344,3563900
2011-10-17,24.43839454650879,39.36000061035156,39.720001220703125,39.279998779296875,39.439998626708984,3102400
2011-10-18,24.674331665039062,39.7400016784668,39.93000030517578,39.029998779296875,39.34000015258789,4154300
2011-10-19,24.494266510009766,39.45000076293945,39.95000076293945,39.34000015258789,39.790000915527344,3651600
2011-10-20,24.444595336914062,39.369998931884766,39.790000915527344,39.18000030517578,39.54999923706055,4490500
2011-10-21,24.705371856689453,39.790000915527344,40.0099983215332,39.599998474121094,39.810001373291016,4779100
2011-10-24,24.27695083618164,39.099998474121094,39.900001525878906,39.06999969482422,39.81999969482422,5442900
2011-10-25,24.103097915649414,38.81999969482422,39.33000183105469,38.790000915527344,39.15999984741211,4002300
2011-10-26,24.208654403686523,38.9900016784668,39.099998474121094,38.630001068115234,39.040000915527344,3945000
2011-10-27,24.394920349121094,39.290000915527344,39.77000045776367,39.06999969482422,39.650001525878906,5552400
2011-10-28,24.29557991027832,39.130001068115234,39.45000076293945,38.83000183105469,39.290000915527344,4800500
2011-10-31,23.92304801940918,38.529998779296875,39.18000030517578,38.5099983215332,39.040000915527344,4595500
2011-11-01,23.786449432373047,38.310001373291016,38.529998779296875,37.9900016784668,38.11000061035156,5831800
2011-11-02,23.960296630859375,38.59000015258789,38.66999816894531,38.33000183105469,38.61000061035156,3257700
2011-11-03,24.190025329589844,38.959999084472656,39.0,37.900001525878906,38.099998474121094,4972800
2011-11-04,24.009967803955078,38.66999816894531,38.86000061035156,38.38999938964844,38.81999969482422,3215400
2011-11-07,24.43839454650879,39.36000061035156,39.41999816894531,38.540000915527344,38.58000183105469,3211600
2011-11-08,24.52530860900879,39.5,39.560001373291016,39.04999923706055,39.40999984741211,3373100
2011-11-09,24.103097915649414,38.81999969482422,39.209999084472656,38.720001220703125,39.06999969482422,3506800
2011-11-10,24.314207077026367,39.15999984741211,39.29999923706055,38.779998779296875,39.209999084472656,2623700
2011-11-11,24.562562942504883,39.560001373291016,39.68000030517578,39.27000045776367,39.27000045776367,1892000
2011-11-14,24.388717651367188,39.279998779296875,39.61000061035156,39.2400016784668,39.560001373291016,2120500
2011-11-15,24.587406158447266,39.599998474121094,39.66999816894531,39.25,39.31999969482422,2202100
2011-11-16,24.15898323059082,38.90999984741211,39.33000183105469,38.869998931884766,39.290000915527344,3695300
2011-11-17,23.978919982910156,38.619998931884766,39.060001373291016,38.41999816894531,38.709999084472656,3313300
2011-11-18,23.935447692871094,38.54999923706055,39.0,38.52000045776367,38.86000061035156,4038100
2011-11-21,23.823698043823242,38.369998931884766,38.5,38.099998474121094,38.099998474121094,3515700
2011-11-22,23.885786056518555,38.470001220703125,38.630001068115234,38.16999816894531,38.25,2661600
2011-11-23,23.569133758544922,37.959999084472656,38.31999969482422,37.900001525878906,38.22999954223633,3050700
2011-11-25,23.736772537231445,38.22999954223633,38.38999938964844,38.029998779296875,38.08000183105469,1372700
2011-11-28,23.904417037963867,38.5,38.900001525878906,38.33000183105469,38.7400016784668,3772500
2011-11-29,24.252113342285156,39.060001373291016,39.290000915527344,38.5,38.5,4000100
2011-11-30,24.804710388183594,39.95000076293945,39.95000076293945,39.20000076293945,39.47999954223633,4893400
2011-12-01,24.773672103881836,39.900001525878906,40.060001373291016,39.79999923706055,39.90999984741211,4404900
2011-12-02,24.810916900634766,39.959999084472656,40.040000915527344,39.650001525878906,39.970001220703125,3339500
2011-12-05,24.966148376464844,40.209999084472656,40.5,39.97999954223633,40.13999938964844,3551500
2011-12-06,25.11515998840332,40.45000076293945,40.630001068115234,40.099998474121094,40.11000061035156,4031000
2011-12-07,25.183460235595703,40.560001373291016,40.720001220703125,40.18000030517578,40.41999816894531,3565900
2011-12-08,24.98477554321289,40.2400016784668,40.560001373291016,40.150001525878906,40.45000076293945,3776200
2011-12-09,25.096540451049805,40.41999816894531,40.540000915527344,40.29999923706055,40.400001525878906,2953700
2011-12-12,24.891632080078125,40.09000015258789,40.529998779296875,39.880001068115234,40.31999969482422,3283300
2011-12-13,24.705371856689453,39.790000915527344,40.310001373291016,39.68000030517578,40.22999954223633,4115800
2011-12-14,24.668109893798828,39.72999954223633,39.95000076293945,39.650001525878906,39.650001525878906,2858800
2011-12-15,24.810916900634766,39.959999084472656,40.11000061035156,39.880001068115234,39.939998626708984,3408900
2011-12-16,24.661911010742188,39.720001220703125,40.25,39.59000015258789,40.25,5116000
2011-12-19,24.581188201904297,39.59000015258789,40.0099983215332,39.52000045776367,39.790000915527344,3851500
2011-12-20,24.38250732421875,39.27000045776367,39.380001068115234,38.52000045776367,38.97999954223633,8657700
2011-12-21,24.93509864807129,40.15999984741211,40.16999816894531,39.31999969482422,39.380001068115234,4746000
2011-12-22,25.02823829650879,40.310001373291016,40.529998779296875,40.060001373291016,40.33000183105469,3410500
2011-12-23,25.189659118652344,40.56999969482422,40.61000061035156,40.2599983215332,40.279998779296875,2437100
2011-12-27,25.214506149291992,40.61000061035156,40.79999923706055,40.5,40.61000061035156,1826600
2011-12-28,25.10894203186035,40.439998626708984,40.689998626708984,40.41999816894531,40.66999816894531,1638100
2011-12-29,25.245540618896484,40.65999984741211,40.70000076293945,40.470001220703125,40.59000015258789,2053400
2011-12-30,25.09031867980957,40.40999984741211,40.540000915527344,40.369998931884766,40.459999084472656,1847600
2012-01-03,25.02202606201172,40.29999923706055,40.70000076293945,40.040000915527344,40.59000015258789,4401000
2012-01-04,25.17103385925293,40.540000915527344,40.59000015258789,40.34000015258789,40.43000030517578,3842100
2012-01-05,25.282804489135742,40.720001220703125,40.75,40.369998931884766,40.459999084472656,4044700
2012-01-06,25.066980361938477,40.06999969482422,40.540000915527344,40.060001373291016,40.5,3962400
2012-01-09,25.023183822631836,40.0,40.150001525878906,39.83000183105469,40.08000183105469,2819600
2012-01-10,25.229623794555664,40.33000183105469,40.380001068115234,40.040000915527344,40.09000015258789,3686300
2012-01-11,25.285934448242188,40.41999816894531,40.4900016784668,40.18000030517578,40.18000030517578,3048700
2012-01-12,25.423547744750977,40.63999938964844,40.70000076293945,40.43000030517578,40.43000030517578,2939700
2012-01-13,25.423547744750977,40.63999938964844,40.75,40.470001220703125,40.52000045776367,3099100
2012-01-17,25.5048828125,40.77000045776367,41.060001373291016,40.65999984741211,40.79999923706055,2917400
2012-01-18,25.6800479888916,41.04999923706055,41.04999923706055,40.63999938964844,40.77000045776367,3715300
2012-01-19,25.617483139038086,40.95000076293945,41.04999923706055,40.709999084472656,41.040000915527344,1945000
2012-01-20,25.442325592041016,40.66999816894531,40.880001068115234,40.25,40.86000061035156,3652900
2012-01-23,25.417295455932617,40.630001068115234,40.689998626708984,40.31999969482422,40.689998626708984,2364100
2012-01-24,25.085742950439453,40.099998474121094,40.54999923706055,40.09000015258789,40.54999923706055,3302800
2012-01-25,25.411046981811523,40.619998931884766,40.65999984741211,39.97999954223633,40.25,3056800
2012-01-26,25.267154693603516,40.38999938964844,40.810001373291016,40.279998779296875,40.65999984741211,2643800
2012-01-27,25.04195213317871,40.029998779296875,40.470001220703125,39.810001373291016,40.380001068115234,2666600
2012-01-30,24.935598373413086,39.86000061035156,39.970001220703125,39.68000030517578,39.7599983215332,2885100
2012-01-31,24.916833877563477,39.83000183105469,40.04999923706055,39.630001068115234,39.970001220703125,2592400
2012-02-01,25.035696029663086,40.02000045776367,40.38999938964844,39.97999954223633,40.15999984741211,3092600
2012-02-02,24.979394912719727,39.93000030517578,40.2400016784668,39.630001068115234,40.150001525878906,4821600
2012-02-03,24.929340362548828,39.849998474121094,40.40999984741211,39.83000183105469,40.22999954223633,4363700
2012-02-06,24.816741943359375,39.66999816894531,39.970001220703125,39.650001525878906,39.79999923706055,3681200
2012-02-07,24.64157485961914,39.38999938964844,39.810001373291016,39.290000915527344,39.68000030517578,5183100
2012-02-08,24.410110473632812,39.02000045776367,39.5,38.9900016784668,39.400001525878906,6318700
2012-02-09,24.447654724121094,39.08000183105469,39.220001220703125,38.810001373291016,39.04999923706055,5536700
2012-02-10,24.45391082763672,39.09000015258789,39.09000015258789,38.720001220703125,38.779998779296875,3256500
2012-02-13,24.610300064086914,39.34000015258789,39.52000045776367,39.11000061035156,39.13999938964844,4100400
2012-02-14,24.8980655670166,39.79999923706055,39.880001068115234,39.34000015258789,39.34000015258789,5603900
2012-02-15,24.779205322265625,39.61000061035156,40.0,39.40999984741211,39.869998931884766,4071200
2012-02-16,24.88555335998535,39.779998779296875,39.91999816894531,39.5099983215332,39.7599983215332,3774300
2012-02-17,23.98472023010254,38.34000015258789,39.2599983215332,38.11000061035156,38.97999954223633,14101900
2012-02-21,23.91590690612793,38.22999954223633,38.4900016784668,38.02000045776367,38.369998931884766,5106000
2012-02-22,24.184913635253906,38.65999984741211,38.68000030517578,38.220001220703125,38.27000045776367,6579300
2012-02-23,24.166141510009766,38.630001068115234,39.29999923706055,38.529998779296875,38.63999938964844,5706100
2012-02-24,23.865861892700195,38.150001525878906,38.720001220703125,38.0,38.56999969482422,9979200
2012-02-27,23.797040939331055,38.040000915527344,38.15999984741211,38.0,38.06999969482422,7472200
2012-02-28,23.828330993652344,38.09000015258789,38.11000061035156,37.7599983215332,37.93000030517578,7693300
2012-02-29,23.96595573425293,38.310001373291016,38.52000045776367,38.029998779296875,38.09000015258789,4663900
2012-03-01,23.878374099731445,38.16999816894531,38.41999816894531,37.90999984741211,38.36000061035156,6598400
2012-03-02,23.89089012145996,38.189998626708984,38.38999938964844,38.0,38.029998779296875,5122500
2012-03-05,24.147375106811523,38.599998474121094,38.880001068115234,38.04999923706055,38.06999969482422,5097800
2012-03-06,23.99723243713379,38.36000061035156,38.66999816894531,38.279998779296875,38.54999923706055,3630400
2012-03-07,24.05978775024414,38.459999084472656,38.560001373291016,38.279998779296875,38.369998931884766,4273700
2012-03-08,24.0660400390625,38.470001220703125,38.68000030517578,38.45000076293945,38.63999938964844,3524900
2012-03-09,24.134862899780273,38.58000183105469,38.68000030517578,38.310001373291016,38.470001220703125,3280400
2012-03-12,24.0910701751709,38.5099983215332,38.65999984741211,38.189998626708984,38.279998779296875,3607200
2012-03-13,24.14112091064453,38.59000015258789,38.65999984741211,38.31999969482422,38.619998931884766,4762100
2012-03-14,24.084815979003906,38.5,38.709999084472656,38.369998931884766,38.5099983215332,3345600
2012-03-15,24.203670501708984,38.689998626708984,38.709999084472656,38.279998779296875,38.400001525878906,3577900
2012-03-16,24.291257858276367,38.83000183105469,39.33000183105469,38.650001525878906,38.7400016784668,5342700
2012-03-19,24.22243881225586,38.720001220703125,38.95000076293945,38.58000183105469,38.849998474121094,3252800
2012-03-20,24.24747085571289,38.7599983215332,38.84000015258789,38.5099983215332,38.52000045776367,4084700
2012-03-21,24.134862899780273,38.58000183105469,38.689998626708984,38.22999954223633,38.66999816894531,5158500
2012-03-22,24.15363121032715,38.61000061035156,38.68000030517578,38.400001525878906,38.63999938964844,3803400
2012-03-23,24.30376434326172,38.849998474121094,38.91999816894531,38.54999923706055,38.61000061035156,3781800
2012-03-26,24.547748565673828,39.2400016784668,39.349998474121094,38.970001220703125,39.0,5130400
2012-03-27,24.46642303466797,39.11000061035156,39.369998931884766,39.08000183105469,39.2400016784668,3034200
2012-03-28,24.49144744873047,39.150001525878906,39.16999816894531,38.97999954223633,39.04999923706055,2546100
2012-03-29,24.472671508789062,39.119998931884766,39.20000076293945,38.900001525878906,39.02000045776367,3957000
2012-03-30,24.679113388061523,39.45000076293945,39.59000015258789,39.209999084472656,39.310001373291016,5927200
2012-04-02,24.785457611083984,39.619998931884766,39.709999084472656,38.93000030517578,39.15999984741211,5437900
2012-04-03,24.7979679107666,39.63999938964844,39.900001525878906,39.40999984741211,39.83000183105469,5848900
2012-04-04,24.82925033569336,39.689998626708984,39.79999923706055,39.4900016784668,39.52000045776367,5591700
2012-04-05,24.586544036865234,39.0,39.369998931884766,38.869998931884766,39.36000061035156,6015400
2012-04-09,24.403718948364258,38.709999084472656,38.91999816894531,38.599998474121094,38.7400016784668,2886900
2012-04-10,24.277637481689453,38.5099983215332,38.709999084472656,38.5,38.619998931884766,3235600
2012-04-11,24.31545066833496,38.56999969482422,38.83000183105469,38.5,38.709999084472656,2759500
2012-04-12,24.435245513916016,38.7599983215332,38.7599983215332,38.40999984741211,38.560001373291016,3032700
2012-04-13,24.39741325378418,38.70000076293945,38.95000076293945,38.689998626708984,38.72999954223633,3267400
2012-04-16,24.42262840270996,38.7400016784668,38.84000015258789,38.5,38.72999954223633,3471400
2012-04-17,24.66219711303711,39.119998931884766,39.16999816894531,38.619998931884766,38.81999969482422,3567500
2012-04-18,24.655887603759766,39.11000061035156,39.209999084472656,38.970001220703125,38.970001220703125,3349500
2012-04-19,24.59914207458496,39.02000045776367,39.13999938964844,38.869998931884766,39.06999969482422,3417000
2012-04-20,24.548715591430664,38.939998626708984,39.16999816894531,38.939998626708984,39.099998474121094,3305700
2012-04-23,24.34067726135254,38.61000061035156,38.779998779296875,38.540000915527344,38.599998474121094,4308000
2012-04-24,24.359588623046875,38.63999938964844,39.0099983215332,38.59000015258789,38.63999938964844,3833100
2012-04-25,24.4604549407959,38.79999923706055,38.970001220703125,38.63999938964844,38.810001373291016,2590700
2012-04-26,24.523500442504883,38.900001525878906,39.02000045776367,38.65999984741211,38.79999923706055,2495600
2012-04-27,24.542415618896484,38.93000030517578,39.09000015258789,38.83000183105469,39.02000045776367,2261900
2012-04-30,24.51719093322754,38.88999938964844,38.97999954223633,38.81999969482422,38.95000076293945,2174000
2012-05-01,24.542415618896484,38.93000030517578,39.150001525878906,38.75,39.060001373291016,2665900
2012-05-02,24.39110565185547,38.689998626708984,38.939998626708984,38.58000183105469,38.88999938964844,2853200
2012-05-03,24.252410888671875,38.470001220703125,38.72999954223633,38.45000076293945,38.599998474121094,3564300
2012-05-04,24.157852172851562,38.31999969482422,38.66999816894531,38.29999923706055,38.5,3889000
2012-05-07,24.290241241455078,38.529998779296875,38.63999938964844,38.20000076293945,38.29999923706055,3366800
2012-05-08,24.473066329956055,38.81999969482422,38.880001068115234,38.380001068115234,38.439998626708984,4110700
2012-05-09,24.529800415039062,38.90999984741211,39.150001525878906,38.650001525878906,38.66999816894531,4647800
2012-05-10,24.74415397644043,39.25,39.369998931884766,38.900001525878906,39.0,3360800
2012-05-11,24.756755828857422,39.27000045776367,39.529998779296875,39.099998474121094,39.25,2593500
2012-05-14,24.687410354614258,39.15999984741211,39.279998779296875,39.0099983215332,39.11000061035156,3159800
2012-05-15,24.952178955078125,39.58000183105469,39.63999938964844,39.08000183105469,39.119998931884766,6467700
2012-05-16,24.989999771118164,39.63999938964844,39.720001220703125,39.380001068115234,39.54999923706055,5436200
2012-05-17,24.706321716308594,39.189998626708984,39.70000076293945,39.189998626708984,39.689998626708984,3401900
2012-05-18,24.555015563964844,38.95000076293945,39.349998474121094,38.72999954223633,39.34000015258789,5358900
2012-05-21,24.302846908569336,38.54999923706055,39.0099983215332,38.36000061035156,38.9900016784668,4189400
2012-05-22,24.321767807006836,38.58000183105469,38.63999938964844,38.41999816894531,38.54999923706055,3616800
2012-05-23,24.328067779541016,38.59000015258789,38.630001068115234,38.22999954223633,38.560001373291016,3860000
2012-05-24,24.573928833007812,38.97999954223633,39.02000045776367,38.52000045776367,38.709999084472656,4071700
2012-05-25,24.63697624206543,39.08000183105469,39.130001068115234,38.88999938964844,38.939998626708984,3324800
2012-05-29,24.630674362182617,39.06999969482422,39.2599983215332,38.959999084472656,39.189998626708984,3589200
2012-05-30,24.2839412689209,38.52000045776367,39.310001373291016,38.47999954223633,38.97999954223633,5433300
2012-05-31,24.13264274597168,38.279998779296875,38.529998779296875,38.2400016784668,38.439998626708984,4224300
2012-06-01,23.893070220947266,37.900001525878906,38.220001220703125,37.869998931884766,38.09000015258789,4340200
2012-06-04,23.85524559020996,37.84000015258789,37.91999816894531,37.63999938964844,37.79999923706055,3676700
2012-06-05,23.830036163330078,37.79999923706055,37.86000061035156,37.5099983215332,37.7400016784668,2889300
2012-06-06,23.911983489990234,37.93000030517578,37.9900016784668,37.599998474121094,37.849998474121094,6514700
2012-06-07,23.968721389770508,38.02000045776367,38.31999969482422,37.959999084472656,38.130001068115234,5342900
2012-06-08,24.082204818725586,38.20000076293945,38.209999084472656,37.95000076293945,38.099998474121094,3776100
2012-06-11,23.899383544921875,37.90999984741211,38.380001068115234,37.900001525878906,38.279998779296875,4138500
2012-06-12,23.918289184570312,37.939998626708984,38.04999923706055,37.86000061035156,37.90999984741211,4069500
2012-06-13,23.975034713745117,38.029998779296875,38.119998931884766,37.75,37.9900016784668,4404100
2012-06-14,24.012855529785156,38.09000015258789,38.2599983215332,37.900001525878906,38.119998931884766,3897400
2012-06-15,24.246112823486328,38.459999084472656,38.540000915527344,38.130001068115234,38.22999954223633,4066000
2012-06-18,24.365901947021484,38.650001525878906,38.75,38.369998931884766,38.43000030517578,2079400
2012-06-19,24.4604549407959,38.79999923706055,38.91999816894531,38.5,38.63999938964844,3025100
2012-06-20,24.410017013549805,38.720001220703125,38.939998626708984,38.630001068115234,38.79999923706055,3578200
2012-06-21,24.183074951171875,38.36000061035156,38.959999084472656,38.36000061035156,38.849998474121094,3797100
2012-06-22,24.233497619628906,38.439998626708984,38.58000183105469,38.31999969482422,38.47999954223633,2751600
2012-06-25,24.227191925048828,38.43000030517578,38.529998779296875,38.209999084472656,38.310001373291016,4295500
2012-06-26,24.050682067871094,38.150001525878906,38.54999923706055,38.040000915527344,38.54999923706055,4103100
2012-06-27,23.67242431640625,37.54999923706055,37.869998931884766,36.75,37.7599983215332,8711700
2012-06-28,23.830036163330078,37.79999923706055,37.86000061035156,37.2599983215332,37.65999984741211,6332700
2012-06-29,24.296550750732422,38.540000915527344,38.540000915527344,37.970001220703125,38.189998626708984,5555200
2012-07-02,24.573928833007812,38.97999954223633,39.0,38.27000045776367,38.40999984741211,4636300
2012-07-03,24.59914207458496,39.02000045776367,39.18000030517578,38.77000045776367,39.0,2958800
2012-07-05,24.611757278442383,39.040000915527344,39.220001220703125,38.849998474121094,39.029998779296875,4597500
2012-07-06,24.64354705810547,38.7599983215332,38.84000015258789,38.43000030517578,38.720001220703125,3832200
2012-07-09,24.452810287475586,38.459999084472656,38.81999969482422,38.290000915527344,38.79999923706055,4032000
2012-07-10,24.573619842529297,38.650001525878906,38.720001220703125,38.439998626708984,38.5,4979100
2012-07-11,24.878799438476562,39.130001068115234,39.33000183105469,38.689998626708984,38.790000915527344,6225100
2012-07-12,24.681699752807617,38.81999969482422,39.09000015258789,38.689998626708984,38.91999816894531,4845500
2012-07-13,24.821563720703125,39.040000915527344,39.099998474121094,38.83000183105469,38.95000076293945,4238500
2012-07-16,24.649906158447266,38.77000045776367,39.09000015258789,38.68000030517578,39.0,3756500
2012-07-17,24.70077133178711,38.849998474121094,38.91999816894531,38.540000915527344,38.90999984741211,4488100
2012-07-18,24.802499771118164,39.0099983215332,39.04999923706055,38.650001525878906,38.7599983215332,3186600
2012-07-19,24.783422470092773,38.97999954223633,39.060001373291016,38.7400016784668,39.0099983215332,3321000
2012-07-20,24.656261444091797,38.779998779296875,38.91999816894531,38.400001525878906,38.91999816894531,5326000
2012-07-23,24.293861389160156,38.209999084472656,38.619998931884766,38.060001373291016,38.619998931884766,4398500
2012-07-24,24.103116989135742,37.90999984741211,38.2400016784668,37.77000045776367,38.209999084472656,3491300
2012-07-25,24.134906768798828,37.959999084472656,38.13999938964844,37.720001220703125,38.02000045776367,3321700
2012-07-26,24.281143188476562,38.189998626708984,38.400001525878906,38.06999969482422,38.2400016784668,3332900
2012-07-27,24.490957260131836,38.52000045776367,38.61000061035156,38.220001220703125,38.29999923706055,5519600
2012-07-30,24.630823135375977,38.7400016784668,38.849998474121094,38.41999816894531,38.439998626708984,3037300
2012-07-31,24.605388641357422,38.70000076293945,38.83000183105469,38.59000015258789,38.689998626708984,3716700
2012-08-01,24.43373680114746,38.43000030517578,38.95000076293945,38.08000183105469,38.790000915527344,6000200
2012-08-02,24.173059463500977,38.02000045776367,38.2400016784668,37.900001525878906,37.970001220703125,5202400
2012-08-03,24.490957260131836,38.52000045776367,38.77000045776367,38.15999984741211,38.29999923706055,4604500
2012-08-06,24.471881866455078,38.4900016784668,38.810001373291016,38.45000076293945,38.56999969482422,4073400
2012-08-07,24.376514434814453,38.34000015258789,38.5,38.22999954223633,38.459999084472656,3551000
2012-08-08,24.414663314819336,38.400001525878906,38.61000061035156,38.310001373291016,38.41999816894531,4435700
2012-08-09,24.4973201751709,38.529998779296875,38.61000061035156,38.369998931884766,38.43000030517578,2810900
2012-08-10,24.56089210510254,38.630001068115234,38.66999816894531,38.310001373291016,38.4900016784668,2003800
2012-08-13,24.47824478149414,38.5,38.619998931884766,38.439998626708984,38.5099983215332,2421300
2012-08-14,24.4273681640625,38.41999816894531,38.59000015258789,38.33000183105469,38.529998779296875,2844900
2012-08-15,24.382871627807617,38.349998474121094,38.470001220703125,38.209999084472656,38.33000183105469,3513500
2012-08-16,24.471881866455078,38.4900016784668,38.5,38.290000915527344,38.33000183105469,5074100
2012-08-17,24.47824478149414,38.5,38.5,38.38999938964844,38.40999984741211,3537300
2012-08-20,24.675338745117188,38.810001373291016,38.84000015258789,38.43000030517578,38.43000030517578,3641600
2012-08-21,24.56089210510254,38.630001068115234,38.81999969482422,38.56999969482422,38.79999923706055,3229300
2012-08-22,24.452810287475586,38.459999084472656,38.630001068115234,38.36000061035156,38.54999923706055,2849000
2012-08-23,24.370161056518555,38.33000183105469,38.540000915527344,38.29999923706055,38.529998779296875,2501400
2012-08-24,24.821563720703125,39.040000915527344,39.09000015258789,38.290000915527344,38.290000915527344,5481100
2012-08-27,25.056827545166016,39.40999984741211,39.54999923706055,39.0099983215332,39.0099983215332,5142400
2012-08-28,25.075885772705078,39.439998626708984,39.689998626708984,39.369998931884766,39.369998931884766,3655200
2012-08-29,25.158552169799805,39.56999969482422,39.7599983215332,39.43000030517578,39.54999923706055,4648300
2012-08-30,25.012310028076172,39.34000015258789,39.59000015258789,39.22999954223633,39.529998779296875,2967200
2012-08-31,25.005949020385742,39.33000183105469,39.470001220703125,39.150001525878906,39.470001220703125,3606100
2012-09-04,25.005949020385742,39.33000183105469,39.380001068115234,39.029998779296875,39.150001525878906,4182800
2012-09-05,24.7897891998291,38.9900016784668,39.29999923706055,38.86000061035156,39.29999923706055,3584000
2012-09-06,24.999591827392578,39.31999969482422,39.349998474121094,39.11000061035156,39.220001220703125,4129100
2012-09-07,24.94873046875,39.2400016784668,39.47999954223633,39.13999938964844,39.33000183105469,4537200
2012-09-10,24.980518341064453,39.290000915527344,39.43000030517578,39.16999816894531,39.31999969482422,3080900
2012-09-11,24.980518341064453,39.290000915527344,39.38999938964844,39.08000183105469,39.36000061035156,4441900
2012-09-12,24.98687744140625,39.29999923706055,39.5,39.09000015258789,39.36000061035156,3605500
2012-09-13,25.088607788085938,39.459999084472656,39.4900016784668,38.93000030517578,39.29999923706055,4422500
2012-09-14,24.726192474365234,38.88999938964844,39.25,38.779998779296875,39.25,6385200
2012-09-17,24.770709991455078,38.959999084472656,39.13999938964844,38.790000915527344,38.79999923706055,4793100
2012-09-18,24.99323844909668,39.310001373291016,39.400001525878906,38.959999084472656,38.959999084472656,7412600
2012-09-19,25.444658279418945,40.02000045776367,40.2400016784668,39.45000076293945,39.599998474121094,10463700
2012-09-20,25.71168327331543,40.439998626708984,40.7599983215332,40.08000183105469,40.08000183105469,6822800
2012-09-21,25.622682571411133,40.29999923706055,40.52000045776367,40.16999816894531,40.45000076293945,6507800
2012-09-24,25.578174591064453,40.22999954223633,40.34000015258789,40.040000915527344,40.220001220703125,2818700
2012-09-25,25.501874923706055,40.11000061035156,40.34000015258789,40.0,40.27000045776367,4297300
2012-09-26,25.400148391723633,39.95000076293945,40.220001220703125,39.90999984741211,40.060001373291016,3502700
2012-09-27,25.36199951171875,39.88999938964844,40.08000183105469,39.70000076293945,39.959999084472656,3067700
2012-09-28,25.33656883239746,39.849998474121094,39.900001525878906,39.540000915527344,39.81999969482422,3073300
2012-10-01,25.41286277770996,39.970001220703125,40.15999984741211,39.720001220703125,39.790000915527344,3551000
2012-10-02,25.50823211669922,40.119998931884766,40.25,39.95000076293945,40.06999969482422,3334500
2012-10-03,25.54001808166504,40.16999816894531,40.2599983215332,39.900001525878906,40.16999816894531,2952800
2012-10-04,25.635391235351562,40.31999969482422,40.369998931884766,40.119998931884766,40.2400016784668,2794500
2012-10-05,25.673858642578125,40.04999923706055,40.310001373291016,39.9900016784668,40.20000076293945,3208500
2012-10-08,25.52000617980957,39.810001373291016,40.06999969482422,39.650001525878906,39.849998474121094,2558000
2012-10-09,25.327688217163086,39.5099983215332,39.93000030517578,39.5099983215332,39.779998779296875,3090900
2012-10-10,25.372570037841797,39.58000183105469,39.849998474121094,39.560001373291016,39.599998474121094,2843800
2012-10-11,25.3212833404541,39.5,39.81999969482422,39.5,39.7599983215332,3947100
2012-10-12,25.12255096435547,39.189998626708984,39.630001068115234,39.06999969482422,39.599998474121094,3639700
2012-10-15,25.193071365356445,39.29999923706055,39.41999816894531,39.11000061035156,39.220001220703125,3580700
2012-10-16,25.449485778808594,39.70000076293945,39.86000061035156,39.43000030517578,39.529998779296875,3121500
2012-10-17,25.68667984008789,40.06999969482422,40.209999084472656,39.75,39.880001068115234,2625000
2012-10-18,25.962331771850586,40.5,40.619998931884766,39.93000030517578,40.08000183105469,4411400
2012-10-19,25.63538932800293,39.9900016784668,40.52000045776367,39.95000076293945,40.5,3724700
2012-10-22,25.526426315307617,39.81999969482422,39.959999084472656,39.45000076293945,39.900001525878906,2886200
2012-10-23,25.3084659576416,39.47999954223633,39.65999984741211,39.31999969482422,39.540000915527344,2740200
2012-10-24,25.372570037841797,39.58000183105469,39.779998779296875,39.5,39.540000915527344,3176700
2012-10-25,25.5841064453125,39.90999984741211,39.90999984741211,39.650001525878906,39.779998779296875,3069700
2012-10-26,25.5456485748291,39.849998474121094,39.970001220703125,39.630001068115234,39.95000076293945,3013500
2012-10-31,25.693098068237305,40.08000183105469,40.09000015258789,39.75,39.810001373291016,5189400
2012-11-01,25.7571964263916,40.18000030517578,40.29999923706055,39.849998474121094,40.16999816894531,3925700
2012-11-02,25.52000617980957,39.810001373291016,40.349998474121094,39.779998779296875,40.290000915527344,3431900
2012-11-05,25.494356155395508,39.77000045776367,39.869998931884766,39.5099983215332,39.70000076293945,4154800
2012-11-06,25.513587951660156,39.79999923706055,40.040000915527344,39.7599983215332,39.810001373291016,3684300
2012-11-07,25.46231460571289,39.720001220703125,39.97999954223633,39.470001220703125,39.720001220703125,3876300
2012-11-08,25.199485778808594,39.310001373291016,39.66999816894531,39.310001373291016,39.66999816894531,3512100
2012-11-09,25.237943649291992,39.369998931884766,39.65999984741211,39.150001525878906,39.22999954223633,2662100
2012-11-12,25.12897491455078,39.20000076293945,39.40999984741211,39.13999938964844,39.380001068115234,2503000
2012-11-13,25.22513198852539,39.349998474121094,39.58000183105469,39.15999984741211,39.18000030517578,3632800
2012-11-14,25.552047729492188,39.86000061035156,40.29999923706055,39.349998474121094,39.349998474121094,7973500
2012-11-15,25.558473587036133,39.869998931884766,40.0,39.75,39.790000915527344,5461800
2012-11-16,25.507186889648438,39.790000915527344,39.970001220703125,39.54999923706055,39.90999984741211,4133000
2012-11-19,25.936681747436523,40.459999084472656,40.459999084472656,39.91999816894531,39.939998626708984,4361600
2012-11-20,25.911039352416992,40.41999816894531,40.4900016784668,40.099998474121094,40.310001373291016,3437400
2012-11-21,25.936681747436523,40.459999084472656,40.470001220703125,40.220001220703125,40.43000030517578,2369900
2012-11-23,26.13540267944336,40.77000045776367,40.77000045776367,40.40999984741211,40.5,1329400
2012-11-26,25.930273056030273,40.45000076293945,40.689998626708984,40.34000015258789,40.650001525878906,2358200
2012-11-27,26.03925132751465,40.619998931884766,40.88999938964844,40.5,40.5,2750900
2012-11-28,26.058488845825195,40.650001525878906,40.779998779296875,40.47999954223633,40.599998474121094,3570800
2012-11-29,26.154634475708008,40.79999923706055,40.88999938964844,40.56999969482422,40.59000015258789,3349100
2012-11-30,26.27644157409668,40.9900016784668,40.9900016784668,40.599998474121094,40.81999969482422,4754900
2012-12-03,25.949512481689453,40.47999954223633,41.029998779296875,40.47999954223633,41.029998779296875,3952600
2012-12-04,26.045656204223633,40.630001068115234,40.75,40.5099983215332,40.58000183105469,3221600
2012-12-05,26.250795364379883,40.95000076293945,40.9900016784668,40.63999938964844,40.689998626708984,3353400
2012-12-06,26.109771728515625,40.72999954223633,41.029998779296875,40.52000045776367,41.029998779296875,2947300
2012-12-07,26.244388580322266,40.939998626708984,40.95000076293945,40.65999984741211,40.83000183105469,3072200
2012-12-10,26.282846450805664,41.0,41.0099983215332,40.7599983215332,40.939998626708984,3099300
2012-12-11,26.532852172851562,41.38999938964844,41.4900016784668,40.97999954223633,41.04999923706055,4471400
2012-12-12,26.46234703063965,41.279998779296875,41.459999084472656,41.13999938964844,41.43000030517578,3719900
2012-12-13,26.59697151184082,41.4900016784668,41.619998931884766,41.290000915527344,41.33000183105469,3731700
2012-12-14,26.571331024169922,41.45000076293945,41.52000045776367,41.29999923706055,41.400001525878906,3118900
2012-12-17,26.75080680847168,41.72999954223633,41.72999954223633,41.369998931884766,41.5,4312200
2012-12-18,26.776460647583008,41.77000045776367,41.77000045776367,41.36000061035156,41.63999938964844,5527000
2012-12-19,26.4559268951416,41.27000045776367,41.880001068115234,41.15999984741211,41.790000915527344,5644900
2012-12-20,26.648242950439453,41.56999969482422,41.650001525878906,41.310001373291016,41.470001220703125,3531400
2012-12-21,26.34695816040039,41.099998474121094,41.650001525878906,40.7599983215332,41.52000045776367,5812700
2012-12-24,26.282846450805664,41.0,41.15999984741211,40.86000061035156,41.029998779296875,1139300
2012-12-26,26.090534210205078,40.70000076293945,41.06999969482422,40.58000183105469,40.97999954223633,2235100
2012-12-27,26.01361656188965,40.58000183105469,40.790000915527344,40.310001373291016,40.70000076293945,2259700
2012-12-28,25.68025779724121,40.060001373291016,40.54999923706055,40.040000915527344,40.400001525878906,3316700
2012-12-31,25.911039352416992,40.41999816894531,40.459999084472656,39.75,39.849998474121094,4230900
2013-01-02,26.487991333007812,41.31999969482422,41.31999969482422,40.7599983215332,40.900001525878906,3998000
2013-01-03,26.500802993774414,41.34000015258789,41.4900016784668,41.16999816894531,41.439998626708984,4064900
2013-01-04,26.776460647583008,41.77000045776367,41.869998931884766,41.290000915527344,41.439998626708984,4054700
2013-01-07,26.667469024658203,41.599998474121094,41.75,41.41999816894531,41.599998474121094,4724300
2013-01-08,26.66747283935547,41.27000045776367,41.380001068115234,41.0,41.189998626708984,4949100
2013-01-09,26.64164161682129,41.22999954223633,41.369998931884766,41.040000915527344,41.27000045776367,2847500
2013-01-10,26.880704879760742,41.599998474121094,41.599998474121094,41.150001525878906,41.290000915527344,3760400
2013-01-11,26.24746322631836,40.619998931884766,41.150001525878906,40.439998626708984,40.9900016784668,7339100
2013-01-14,26.447782516479492,40.93000030517578,41.08000183105469,40.650001525878906,40.689998626708984,3475300
2013-01-15,26.376697540283203,40.81999969482422,40.90999984741211,40.70000076293945,40.869998931884766,3275200
2013-01-16,26.389616012573242,40.84000015258789,41.02000045776367,40.7400016784668,40.83000183105469,3312400
2013-01-17,26.589937210083008,41.150001525878906,41.310001373291016,40.900001525878906,40.93000030517578,3050200
2013-01-18,26.732088088989258,41.369998931884766,41.369998931884766,41.11000061035156,41.189998626708984,2954500
2013-01-22,26.809642791748047,41.4900016784668,41.599998474121094,41.31999969482422,41.38999938964844,2745300
2013-01-23,26.82256507873535,41.5099983215332,41.599998474121094,41.27000045776367,41.4900016784668,2192500
2013-01-24,26.945323944091797,41.70000076293945,41.83000183105469,41.439998626708984,41.439998626708984,2632200
2013-01-25,26.97762680053711,41.75,41.869998931884766,41.65999984741211,41.86000061035156,2596900
2013-01-28,26.971174240112305,41.7400016784668,41.81999969482422,41.540000915527344,41.70000076293945,2625500
2013-01-29,27.11980438232422,41.970001220703125,42.0099983215332,41.599998474121094,41.65999984741211,2555000
2013-01-30,27.165027618408203,42.040000915527344,42.18000030517578,41.849998474121094,41.959999084472656,3014000
2013-01-31,27.100406646728516,41.939998626708984,42.2400016784668,41.939998626708984,42.040000915527344,3714700
2013-02-01,27.22318458557129,42.130001068115234,42.45000076293945,42.029998779296875,42.310001373291016,2771400
2013-02-04,26.97762680053711,41.75,42.119998931884766,41.720001220703125,41.970001220703125,2818000
2013-02-05,27.22318458557129,42.130001068115234,42.33000183105469,41.90999984741211,41.939998626708984,3319700
2013-02-06,27.371801376342773,42.36000061035156,42.36000061035156,41.959999084472656,42.0,3520700
2013-02-07,27.442886352539062,42.470001220703125,42.61000061035156,42.27000045776367,42.310001373291016,2790500
2013-02-08,27.52688217163086,42.599998474121094,42.65999984741211,42.40999984741211,42.45000076293945,2092000
2013-02-11,27.572114944458008,42.66999816894531,42.66999816894531,42.5,42.59000015258789,2359600
2013-02-12,27.76596450805664,42.970001220703125,42.9900016784668,42.599998474121094,42.61000061035156,3851700
2013-02-13,27.772436141967773,42.97999954223633,43.09000015258789,42.849998474121094,42.97999954223633,3084900
2013-02-14,28.631839752197266,44.310001373291016,44.52000045776367,43.02000045776367,43.20000076293945,11824000
2013-02-15,28.81275749206543,44.59000015258789,44.619998931884766,44.13999938964844,44.59000015258789,6661400
2013-02-19,29.355546951293945,45.43000030517578,45.439998626708984,44.5,44.66999816894531,6384900
2013-02-20,29.381391525268555,45.470001220703125,45.72999954223633,45.13999938964844,45.38999938964844,5389200
2013-02-21,29.290937423706055,45.33000183105469,45.45000076293945,45.18000030517578,45.38999938964844,3933800
2013-02-22,29.51062774658203,45.66999816894531,45.66999816894531,45.2599983215332,45.33000183105469,3040900
2013-02-25,29.349092483520508,45.41999816894531,46.0099983215332,45.41999816894531,45.7400016784668,4307400
2013-02-26,29.73032569885254,46.0099983215332,46.029998779296875,45.470001220703125,45.56999969482422,5022800
2013-02-27,29.9047908782959,46.279998779296875,46.369998931884766,45.81999969482422,46.0,2607700
2013-02-28,29.885398864746094,46.25,46.470001220703125,46.099998474121094,46.279998779296875,3379400
2013-03-01,29.975858688354492,46.38999938964844,46.529998779296875,45.810001373291016,46.220001220703125,5480000
2013-03-04,30.014652252197266,46.45000076293945,46.4900016784668,46.2400016784668,46.36000061035156,4240500
2013-03-05,30.04048728942871,46.4900016784668,46.689998626708984,46.38999938964844,46.5,4314000
2013-03-06,30.001726150512695,46.43000030517578,46.720001220703125,46.380001068115234,46.54999923706055,3459200
2013-03-07,30.021106719970703,46.459999084472656,46.689998626708984,46.400001525878906,46.45000076293945,3282000
2013-03-08,29.93710708618164,46.33000183105469,46.619998931884766,46.29999923706055,46.52000045776367,3265300
2013-03-11,29.530014038085938,45.70000076293945,46.20000076293945,45.560001373291016,46.060001373291016,6328800
2013-03-12,29.898340225219727,46.27000045776367,46.349998474121094,45.5099983215332,45.560001373291016,4696000
2013-03-13,30.034032821655273,46.47999954223633,46.5,46.16999816894531,46.31999969482422,3630000
2013-03-14,29.995254516601562,46.41999816894531,46.529998779296875,46.20000076293945,46.4900016784668,3569700
2013-03-15,29.87894058227539,46.2400016784668,46.400001525878906,46.02000045776367,46.209999084472656,5181400
2013-03-18,29.93710708618164,46.33000183105469,46.459999084472656,45.93000030517578,45.97999954223633,3547000
2013-03-19,29.995254516601562,46.41999816894531,46.5,46.16999816894531,46.380001068115234,4179600
2013-03-20,30.764202117919922,47.61000061035156,48.02000045776367,46.40999984741211,46.56999969482422,9057800
2013-03-21,30.925750732421875,47.86000061035156,48.310001373291016,47.29999923706055,47.54999923706055,7078500
2013-03-22,31.11312484741211,48.150001525878906,48.290000915527344,47.900001525878906,47.939998626708984,3324800
2013-03-25,31.067903518676758,48.08000183105469,48.63999938964844,47.849998474121094,48.16999816894531,3381800
2013-03-26,31.42329216003418,48.630001068115234,48.630001068115234,48.09000015258789,48.189998626708984,3557300
2013-03-27,31.526676177978516,48.790000915527344,48.95000076293945,48.54999923706055,48.58000183105469,3858500
2013-03-28,31.862686157226562,49.310001373291016,49.369998931884766,48.81999969482422,48.970001220703125,4746600
2013-04-01,31.455610275268555,48.68000030517578,48.97999954223633,48.209999084472656,48.25,4340200
2013-04-02,31.539609909057617,48.810001373291016,49.13999938964844,48.68000030517578,48.810001373291016,3659600
2013-04-03,31.190675735473633,48.27000045776367,48.79999923706055,48.130001068115234,48.79999923706055,4437000
2013-04-04,31.6752986907959,49.02000045776367,49.04999923706055,48.349998474121094,48.349998474121094,5303300
2013-04-05,31.49437713623047,48.7400016784668,48.849998474121094,48.40999984741211,48.75,3624400
2013-04-08,31.683034896850586,48.70000076293945,48.70000076293945,48.20000076293945,48.34000015258789,3088600
2013-04-09,31.676536560058594,48.689998626708984,48.95000076293945,48.34000015258789,48.790000915527344,2939000
2013-04-10,31.89774513244629,49.029998779296875,49.16999816894531,48.689998626708984,48.810001373291016,3526200
2013-04-11,32.040863037109375,49.25,49.58000183105469,49.04999923706055,49.20000076293945,3174100
2013-04-12,32.10592269897461,49.349998474121094,49.40999984741211,48.95000076293945,49.15999984741211,2314700
2013-04-15,31.91725730895996,49.060001373291016,49.47999954223633,48.970001220703125,49.16999816894531,4136300
2013-04-16,32.437705993652344,49.86000061035156,49.880001068115234,49.060001373291016,49.2599983215332,3186000
2013-04-17,32.22951889038086,49.540000915527344,49.849998474121094,49.41999816894531,49.7400016784668,3421200
2013-04-18,32.437705993652344,49.86000061035156,49.90999984741211,49.52000045776367,49.61000061035156,3724600
2013-04-19,32.74998474121094,50.34000015258789,50.52000045776367,49.900001525878906,49.970001220703125,4231600
2013-04-22,32.82155227661133,50.45000076293945,50.529998779296875,50.13999938964844,50.33000183105469,1877200
2013-04-23,32.97118377685547,50.68000030517578,50.900001525878906,50.20000076293945,50.529998779296875,3335800
2013-04-24,32.099403381347656,49.34000015258789,50.779998779296875,49.310001373291016,50.68000030517578,5661900
2013-04-25,32.131927490234375,49.38999938964844,49.68000030517578,49.220001220703125,49.41999816894531,3900700
2013-04-26,32.32060623168945,49.68000030517578,49.81999969482422,49.38999938964844,49.41999816894531,2366500
2013-04-29,32.665409088134766,50.209999084472656,50.29999923706055,49.70000076293945,49.70000076293945,2821800
2013-04-30,32.80204391479492,50.41999816894531,50.41999816894531,49.880001068115234,50.099998474121094,2827100
2013-05-01,32.78901290893555,50.400001525878906,50.75,50.34000015258789,50.45000076293945,3348400
2013-05-02,32.82155227661133,50.45000076293945,50.59000015258789,50.16999816894531,50.349998474121094,2626300
2013-05-03,32.99720764160156,50.720001220703125,50.869998931884766,50.43000030517578,50.689998626708984,2733100
2013-05-06,32.26203918457031,49.59000015258789,50.61000061035156,49.52000045776367,50.54999923706055,4080400
2013-05-07,33.02322006225586,50.7599983215332,50.7599983215332,49.63999938964844,49.72999954223633,4117400
2013-05-08,32.4897575378418,49.939998626708984,50.84000015258789,49.7400016784668,50.72999954223633,4217300
2013-05-09,32.28807830810547,49.630001068115234,50.130001068115234,49.5,50.029998779296875,3073300
2013-05-10,32.470237731933594,49.90999984741211,49.97999954223633,49.58000183105469,49.68000030517578,2728300
2013-05-13,32.587337493896484,50.09000015258789,50.29999923706055,49.43000030517578,49.869998931884766,3009000
2013-05-14,32.938655853271484,50.630001068115234,50.709999084472656,50.11000061035156,50.13999938964844,3625000
2013-05-15,33.133819580078125,50.93000030517578,50.970001220703125,50.15999984741211,50.52000045776367,2849500
2013-05-16,32.83454895019531,50.470001220703125,50.970001220703125,50.45000076293945,50.869998931884766,2616800
2013-05-17,32.76298904418945,50.36000061035156,50.529998779296875,49.86000061035156,50.40999984741211,3260500
2013-05-20,31.962787628173828,49.130001068115234,50.63999938964844,49.09000015258789,50.41999816894531,5327000
2013-05-21,32.1124267578125,49.36000061035156,49.52000045776367,48.869998931884766,49.130001068115234,4614300
2013-05-22,31.89774513244629,49.029998779296875,49.790000915527344,48.88999938964844,49.29999923706055,4708200
2013-05-23,31.780635833740234,48.849998474121094,48.970001220703125,48.2400016784668,48.79999923706055,3959800
2013-05-24,31.865192413330078,48.97999954223633,48.97999954223633,48.369998931884766,48.75,2725000
2013-05-28,31.94977378845215,49.11000061035156,49.4900016784668,48.869998931884766,49.439998626708984,2902500
2013-05-29,31.344738006591797,48.18000030517578,49.150001525878906,47.84000015258789,48.779998779296875,4187800
2013-05-30,31.1235294342041,47.84000015258789,48.279998779296875,47.619998931884766,47.93000030517578,3755400
2013-05-31,30.629098892211914,47.08000183105469,47.810001373291016,47.08000183105469,47.619998931884766,6859300
2013-06-03,30.90235710144043,47.5,47.5,46.18000030517578,47.13999938964844,6212600
2013-06-04,31.143068313598633,47.869998931884766,48.04999923706055,47.38999938964844,47.529998779296875,3966400
2013-06-05,30.70067024230957,47.189998626708984,47.790000915527344,47.16999816894531,47.779998779296875,3180400
2013-06-06,30.837299346923828,47.400001525878906,47.47999954223633,47.04999923706055,47.2599983215332,3970200
2013-06-07,31.27967643737793,48.08000183105469,48.130001068115234,47.5099983215332,47.63999938964844,3431900
2013-06-10,31.357769012451172,48.20000076293945,48.20000076293945,47.720001220703125,48.11000061035156,2954600
2013-06-11,31.44232940673828,48.33000183105469,48.72999954223633,47.790000915527344,48.11000061035156,3647300
2013-06-12,31.526893615722656,48.459999084472656,49.31999969482422,48.439998626708984,49.31999969482422,3372200
2013-06-13,31.89122200012207,49.02000045776367,49.06999969482422,48.099998474121094,48.45000076293945,2969800
2013-06-14,32.0668830871582,49.290000915527344,49.529998779296875,48.939998626708984,49.0,3097800
2013-06-17,32.398677825927734,49.79999923706055,49.970001220703125,49.369998931884766,49.52000045776367,3137000
2013-06-18,32.470237731933594,49.90999984741211,49.9900016784668,49.43000030517578,49.84000015258789,2256100
2013-06-19,31.995325088500977,49.18000030517578,50.02000045776367,49.11000061035156,49.70000076293945,3676400
2013-06-20,31.364246368408203,48.209999084472656,49.119998931884766,48.150001525878906,48.86000061035156,4301000
2013-06-21,31.643999099731445,48.63999938964844,48.84000015258789,48.349998474121094,48.58000183105469,4961100
2013-06-24,31.435819625854492,48.31999969482422,48.81999969482422,48.119998931884766,48.349998474121094,4339000
2013-06-25,31.44232940673828,48.33000183105469,49.02000045776367,48.18000030517578,48.720001220703125,3466600
2013-06-26,31.29269027709961,48.099998474121094,48.25,47.560001373291016,48.06999969482422,5121000
2013-06-27,31.44883155822754,48.34000015258789,48.75,48.290000915527344,48.38999938964844,4370600
2013-06-28,31.57243537902832,48.529998779296875,48.84000015258789,48.22999954223633,48.36000061035156,5136500
2013-07-01,31.741579055786133,48.790000915527344,49.130001068115234,48.529998779296875,48.540000915527344,2996800
2013-07-02,31.988821029663086,49.16999816894531,49.310001373291016,48.65999984741211,48.779998779296875,3222800
2013-07-03,31.845678329467773,48.95000076293945,49.209999084472656,48.779998779296875,49.119998931884766,2144900
2013-07-05,31.89774513244629,49.029998779296875,49.27000045776367,48.619998931884766,49.029998779296875,2432800
2013-07-08,32.32390213012695,49.29999923706055,49.52000045776367,48.790000915527344,48.97999954223633,3989300
2013-07-09,32.47470474243164,49.529998779296875,49.72999954223633,49.38999938964844,49.5099983215332,3030200
2013-07-10,32.723854064941406,49.90999984741211,50.0,49.5099983215332,49.58000183105469,3447900
2013-07-11,33.458194732666016,51.029998779296875,51.130001068115234,50.43000030517578,50.43000030517578,3838000
2013-07-12,33.497535705566406,51.09000015258789,51.400001525878906,50.65999984741211,50.9900016784668,3587300
2013-07-15,33.58277130126953,51.220001220703125,51.58000183105469,51.09000015258789,51.150001525878906,2628000
2013-07-16,33.536869049072266,51.150001525878906,51.290000915527344,50.79999923706055,51.13999938964844,2230500
2013-07-17,33.53031921386719,51.13999938964844,51.40999984741211,51.029998779296875,51.310001373291016,2115400
2013-07-18,33.60899353027344,51.2599983215332,51.4900016784668,51.150001525878906,51.150001525878906,2000100
2013-07-19,33.88438034057617,51.68000030517578,51.79999923706055,51.29999923706055,51.459999084472656,2337600
2013-07-22,33.7860221862793,51.529998779296875,51.83000183105469,51.43000030517578,51.72999954223633,1791000
2013-07-23,33.74013137817383,51.459999084472656,51.66999816894531,51.25,51.540000915527344,2441600
2013-07-24,33.477848052978516,51.060001373291016,51.59000015258789,50.7400016784668,51.58000183105469,3102100
2013-07-25,33.720455169677734,51.43000030517578,51.5,50.810001373291016,51.040000915527344,1755900
2013-07-26,33.77289962768555,51.5099983215332,51.529998779296875,50.88999938964844,51.310001373291016,2033900
2013-07-29,33.982723236083984,51.83000183105469,51.97999954223633,51.400001525878906,51.52000045776367,2163300
2013-07-30,34.022056579589844,51.88999938964844,52.380001068115234,51.810001373291016,51.849998474121094,2771500
2013-07-31,34.094173431396484,52.0,52.279998779296875,51.83000183105469,52.130001068115234,3307200
2013-08-01,34.572811126708984,52.72999954223633,53.06999969482422,52.45000076293945,53.029998779296875,4468900
2013-08-02,34.32366943359375,52.349998474121094,52.65999984741211,51.959999084472656,52.65999984741211,3806100
2013-08-05,34.4678955078125,52.56999969482422,52.689998626708984,52.0,52.34000015258789,2290700
2013-08-06,34.49412536621094,52.61000061035156,52.779998779296875,52.349998474121094,52.560001373291016,2074600
2013-08-07,34.382667541503906,52.439998626708984,52.65999984741211,52.16999816894531,52.54999923706055,1976100
2013-08-08,34.53347396850586,52.66999816894531,52.849998474121094,52.400001525878906,52.689998626708984,1772900
2013-08-09,34.36954879760742,52.41999816894531,52.70000076293945,52.279998779296875,52.66999816894531,1777000
2013-08-12,34.415462493896484,52.4900016784668,52.61000061035156,52.119998931884766,52.310001373291016,1879100
2013-08-13,34.36954879760742,52.41999816894531,52.77000045776367,52.369998931884766,52.5,2216600
2013-08-14,34.1269645690918,52.04999923706055,52.5,52.02000045776367,52.369998931884766,2870100
2013-08-15,33.14347457885742,50.54999923706055,51.560001373291016,50.130001068115234,51.459999084472656,5434800
2013-08-16,32.3763542175293,49.380001068115234,50.099998474121094,49.130001068115234,50.02000045776367,5824000
2013-08-19,32.455047607421875,49.5,49.65999984741211,49.279998779296875,49.279998779296875,2878000
2013-08-20,32.38948059082031,49.400001525878906,49.7400016784668,49.400001525878906,49.540000915527344,3211300
2013-08-21,32.1731071472168,49.06999969482422,49.58000183105469,49.02000045776367,49.439998626708984,3340600
2013-08-22,32.32390213012695,49.29999923706055,49.540000915527344,48.869998931884766,49.11000061035156,2349000
2013-08-23,32.66483688354492,49.81999969482422,49.93000030517578,49.349998474121094,49.45000076293945,2293100
2013-08-26,32.3763542175293,49.380001068115234,49.95000076293945,49.380001068115234,49.86000061035156,3278000
2013-08-27,32.218997955322266,49.13999938964844,49.4900016784668,49.0,49.09000015258789,3593000
2013-08-28,31.956745147705078,48.7400016784668,49.189998626708984,48.72999954223633,49.02000045776367,2936700
2013-08-29,32.264896392822266,49.209999084472656,49.439998626708984,48.25,48.689998626708984,3515400
2013-08-30,32.33701705932617,49.31999969482422,49.369998931884766,48.95000076293945,49.2400016784668,3064300
2013-09-03,32.25178909301758,49.189998626708984,49.79999923706055,48.810001373291016,49.66999816894531,3163800
2013-09-04,32.19278335571289,49.099998474121094,49.290000915527344,48.849998474121094,49.08000183105469,3007600
2013-09-05,32.19278335571289,49.099998474121094,49.13999938964844,48.68000030517578,49.13999938964844,3636300
2013-09-06,32.25178909301758,49.189998626708984,49.5,48.849998474121094,49.25,2652600
2013-09-09,32.166561126708984,49.060001373291016,49.43000030517578,48.9900016784668,49.150001525878906,3423700
2013-09-10,31.937068939208984,48.709999084472656,49.47999954223633,48.599998474121094,49.31999969482422,5745700
2013-09-11,31.99608612060547,48.79999923706055,48.959999084472656,48.439998626708984,48.650001525878906,6864400
2013-09-12,32.04852294921875,48.880001068115234,48.939998626708984,48.599998474121094,48.81999969482422,9576800
2013-09-13,32.29111862182617,49.25,49.25,48.90999984741211,49.0,2717700
2013-09-16,32.60584259033203,49.72999954223633,50.06999969482422,49.65999984741211,49.7400016784668,3230800
2013-09-17,32.63862228393555,49.779998779296875,50.06999969482422,49.70000076293945,49.70000076293945,2772400
2013-09-18,32.8812255859375,50.150001525878906,50.36000061035156,49.099998474121094,50.0,5001500
2013-09-19,32.015750885009766,48.83000183105469,49.77000045776367,48.41999816894531,49.77000045776367,5492400
2013-09-20,31.904277801513672,48.65999984741211,48.83000183105469,48.45000076293945,48.81999969482422,5411900
2013-09-23,31.89117431640625,48.63999938964844,48.72999954223633,48.33000183105469,48.68000030517578,2881600
2013-09-24,32.028865814208984,48.849998474121094,49.099998474121094,48.5,48.83000183105469,3374800
2013-09-25,31.720703125,48.380001068115234,48.869998931884766,48.380001068115234,48.75,3272200
2013-09-26,31.8125,48.52000045776367,48.63999938964844,48.29999923706055,48.47999954223633,1728900
2013-09-27,31.52400779724121,48.08000183105469,48.400001525878906,47.9900016784668,48.29999923706055,2842600
2013-09-30,31.419099807739258,47.91999816894531,47.93000030517578,47.5,47.77000045776367,3262800
2013-10-01,31.458438873291016,47.97999954223633,48.0,47.54999923706055,47.72999954223633,3161000
2013-10-02,31.478107452392578,48.0099983215332,48.0099983215332,47.400001525878906,47.90999984741211,3764900
2013-10-03,31.228952407836914,47.630001068115234,47.9900016784668,47.36000061035156,47.95000076293945,3210800
2013-10-04,31.438766479492188,47.95000076293945,48.0,47.52000045776367,47.630001068115234,2423800
2013-10-07,31.464996337890625,47.9900016784668,48.2400016784668,47.65999984741211,47.90999984741211,3374200
2013-10-08,31.33281135559082,47.40999984741211,47.849998474121094,47.36000061035156,47.849998474121094,4241400
2013-10-09,31.51125144958496,47.68000030517578,47.970001220703125,47.310001373291016,47.540000915527344,3358900
2013-10-10,32.020145416259766,48.45000076293945,48.45000076293945,47.959999084472656,47.9900016784668,3408600
2013-10-11,31.954057693481445,48.349998474121094,48.47999954223633,48.15999984741211,48.400001525878906,1960000
2013-10-14,31.947444915771484,48.34000015258789,48.459999084472656,47.88999938964844,48.20000076293945,2036600
2013-10-15,31.663267135620117,47.90999984741211,48.400001525878906,47.86000061035156,48.25,1936900
2013-10-16,32.231624603271484,48.77000045776367,48.79999923706055,48.16999816894531,48.209999084472656,2941400
2013-10-17,32.36381149291992,48.970001220703125,49.06999969482422,48.630001068115234,48.63999938964844,2789500
2013-10-18,32.50920104980469,49.189998626708984,49.310001373291016,49.040000915527344,49.15999984741211,2339800
2013-10-21,32.36381149291992,48.970001220703125,49.040000915527344,48.459999084472656,48.79999923706055,3986100
2013-10-22,32.813209533691406,49.650001525878906,49.81999969482422,49.0099983215332,49.04999923706055,2451100
2013-10-23,33.057743072509766,50.02000045776367,50.22999954223633,49.45000076293945,49.45000076293945,2751200
2013-10-24,32.98504638671875,49.90999984741211,50.11000061035156,49.709999084472656,49.970001220703125,1649400
2013-10-25,33.08418273925781,50.060001373291016,50.06999969482422,49.709999084472656,49.900001525878906,1360800
2013-10-28,33.50716018676758,50.70000076293945,50.97999954223633,50.0099983215332,50.0099983215332,3460300
2013-10-29,33.74505615234375,51.060001373291016,51.119998931884766,50.720001220703125,50.77000045776367,1886500
2013-10-30,33.46749496459961,50.63999938964844,51.11000061035156,50.4900016784668,51.11000061035156,2060900
2013-10-31,33.32209396362305,50.41999816894531,50.79999923706055,50.36000061035156,50.650001525878906,2620900
2013-11-01,33.256011962890625,50.31999969482422,50.75,50.11000061035156,50.54999923706055,3600600
2013-11-04,33.34852981567383,50.459999084472656,50.75,50.2400016784668,50.5,1976200
2013-11-05,33.50716018676758,50.70000076293945,50.77000045776367,50.09000015258789,50.2400016784668,2347400
2013-11-06,33.8045539855957,51.150001525878906,51.25,50.66999816894531,50.970001220703125,1727200
2013-11-07,33.30887985229492,50.400001525878906,51.2400016784668,50.29999923706055,51.04999923706055,2694000
2013-11-08,33.401405334472656,50.540000915527344,50.540000915527344,49.650001525878906,50.20000076293945,2618000
2013-11-11,33.3419303894043,50.45000076293945,50.81999969482422,50.279998779296875,50.599998474121094,1642500
2013-11-12,33.34852981567383,50.459999084472656,50.47999954223633,50.099998474121094,50.439998626708984,1974200
2013-11-13,33.62610626220703,50.880001068115234,50.88999938964844,50.09000015258789,50.27000045776367,2484600
2013-11-14,34.05567932128906,51.529998779296875,51.56999969482422,50.880001068115234,50.970001220703125,2125100
2013-11-15,33.9102897644043,51.310001373291016,51.65999984741211,50.900001525878906,51.52000045776367,2338000
2013-11-18,33.67237854003906,50.95000076293945,51.31999969482422,50.52000045776367,51.25,3182100
2013-11-19,33.295658111572266,50.380001068115234,50.58000183105469,49.95000076293945,50.540000915527344,4195400
2013-11-20,32.5422477722168,49.2400016784668,50.459999084472656,49.20000076293945,50.459999084472656,5515700
2013-11-21,32.66120910644531,49.41999816894531,49.689998626708984,49.22999954223633,49.34000015258789,2737700
2013-11-22,33.12383270263672,50.119998931884766,50.220001220703125,49.310001373291016,49.45000076293945,3025500
2013-11-25,32.96523666381836,49.880001068115234,50.40999984741211,49.81999969482422,50.2599983215332,2222500
2013-11-26,33.36175537109375,50.47999954223633,50.68000030517578,50.040000915527344,50.060001373291016,4162900
2013-11-27,33.394798278808594,50.529998779296875,50.61000061035156,50.380001068115234,50.4900016784668,1663000
2013-11-29,33.32870864868164,50.43000030517578,50.91999816894531,50.349998474121094,50.5099983215332,1216100
2013-12-02,33.21635055541992,50.2599983215332,50.43000030517578,49.939998626708984,50.220001220703125,1996400
2013-12-03,33.441070556640625,50.599998474121094,50.599998474121094,50.0,50.20000076293945,2226600
2013-12-04,33.51375198364258,50.709999084472656,50.939998626708984,50.189998626708984,50.310001373291016,2143100
2013-12-05,33.21635055541992,50.2599983215332,50.66999816894531,50.18000030517578,50.4900016784668,2578400
2013-12-06,34.03586196899414,51.5,51.5099983215332,50.59000015258789,50.630001068115234,3245200
2013-12-09,33.99620056152344,51.439998626708984,51.959999084472656,51.25,51.54999923706055,2958200
2013-12-10,33.526981353759766,50.72999954223633,51.29999923706055,50.45000076293945,51.27000045776367,2762200
2013-12-11,33.434444427490234,50.59000015258789,50.93000030517578,50.349998474121094,50.790000915527344,3494100
2013-12-12,32.760345458984375,49.56999969482422,50.459999084472656,49.5,50.45000076293945,4073200
2013-12-13,32.80659484863281,49.63999938964844,49.90999984741211,49.369998931884766,49.59000015258789,2781900
2013-12-16,32.98504638671875,49.90999984741211,50.119998931884766,49.599998474121094,49.779998779296875,3360200
2013-12-17,32.766963958740234,49.58000183105469,50.130001068115234,49.349998474121094,49.849998474121094,3729000
2013-12-18,32.8660888671875,49.72999954223633,49.75,48.2400016784668,48.849998474121094,7334500
2013-12-19,32.62154769897461,49.36000061035156,50.279998779296875,48.529998779296875,50.279998779296875,5780700
2013-12-20,32.58190155029297,49.29999923706055,49.560001373291016,49.06999969482422,49.31999969482422,5604800
2013-12-23,32.489376068115234,49.15999984741211,49.45000076293945,48.68000030517578,49.29999923706055,3259100
2013-12-24,32.56868362426758,49.279998779296875,49.5,49.15999984741211,49.22999954223633,1114600
2013-12-26,32.84625244140625,49.70000076293945,49.7400016784668,49.33000183105469,49.45000076293945,2162900
2013-12-27,32.93878173828125,49.84000015258789,50.11000061035156,49.630001068115234,49.810001373291016,1805500
2013-12-30,33.01808547973633,49.959999084472656,50.0,49.689998626708984,49.900001525878906,2052100
2013-12-31,32.98504638671875,49.90999984741211,50.0099983215332,49.630001068115234,49.93000030517578,1928800
2014-01-02,32.64799499511719,49.400001525878906,49.68000030517578,49.27000045776367,49.599998474121094,2205500
2014-01-03,32.55546951293945,49.2599983215332,49.560001373291016,49.099998474121094,49.40999984741211,2309700
2014-01-06,32.60834884643555,49.34000015258789,49.599998474121094,49.08000183105469,49.380001068115234,3260200
2014-01-07,32.94539260864258,49.849998474121094,49.939998626708984,49.2599983215332,49.63999938964844,4606800
2014-01-08,32.34601974487305,48.56999969482422,49.41999816894531,48.400001525878906,49.34000015258789,5747800
2014-01-09,32.632381439208984,49.0,49.06999969482422,48.599998474121094,48.63999938964844,4565600
2014-01-10,32.82551193237305,49.290000915527344,49.310001373291016,49.040000915527344,49.16999816894531,2797700
2014-01-13,32.505859375,48.810001373291016,49.470001220703125,48.72999954223633,49.130001068115234,2674600
2014-01-14,32.49918746948242,48.79999923706055,49.02000045776367,48.25,48.27000045776367,4311800
2014-01-15,32.2327995300293,48.400001525878906,48.95000076293945,48.349998474121094,48.93000030517578,3929400
2014-01-16,32.31273651123047,48.52000045776367,48.72999954223633,48.2599983215332,48.29999923706055,3255100
2014-01-17,32.15288543701172,48.279998779296875,48.599998474121094,48.220001220703125,48.439998626708984,3790700
2014-01-21,32.32604217529297,48.540000915527344,48.79999923706055,48.290000915527344,48.54999923706055,3473800
2014-01-22,32.47921371459961,48.77000045776367,48.97999954223633,48.5,48.540000915527344,2986500
2014-01-23,32.43926239013672,48.709999084472656,48.83000183105469,48.209999084472656,48.5,3504100
2014-01-24,32.15288543701172,48.279998779296875,49.11000061035156,48.279998779296875,48.45000076293945,4033200
2014-01-27,32.31937789916992,48.529998779296875,48.790000915527344,48.279998779296875,48.34000015258789,3413400
2014-01-28,32.60574722290039,48.959999084472656,49.130001068115234,48.5,48.529998779296875,3129000
2014-01-29,31.926464080810547,47.939998626708984,48.709999084472656,47.849998474121094,48.66999816894531,5125700
2014-01-30,32.34601974487305,48.56999969482422,48.65999984741211,47.939998626708984,48.06999969482422,3290600
2014-01-31,31.97974395751953,48.02000045776367,48.369998931884766,47.720001220703125,48.02000045776367,3734200
2014-02-03,31.207225799560547,46.86000061035156,48.06999969482422,46.83000183105469,48.06999969482422,4716800
2014-02-04,31.360383987426758,47.09000015258789,47.290000915527344,46.900001525878906,46.9900016784668,2649200
2014-02-05,31.540206909179688,47.36000061035156,47.459999084472656,46.70000076293945,46.88999938964844,3004400
2014-02-06,31.739990234375,47.65999984741211,47.75,47.310001373291016,47.4900016784668,3025100
2014-02-07,31.999723434448242,48.04999923706055,48.130001068115234,47.66999816894531,47.7400016784668,2376800
2014-02-10,32.17287063598633,48.310001373291016,48.349998474121094,47.84000015258789,47.959999084472656,1863000
2014-02-11,32.58577346801758,48.93000030517578,49.0,47.900001525878906,48.130001068115234,3307000
2014-02-12,32.31937789916992,48.529998779296875,49.11000061035156,48.470001220703125,48.79999923706055,2918400
2014-02-13,32.7589225769043,49.189998626708984,49.27000045776367,48.2599983215332,48.27000045776367,2607400
2014-02-14,33.2250862121582,49.88999938964844,49.95000076293945,49.08000183105469,49.13999938964844,3774600
2014-02-18,33.08524703979492,49.68000030517578,49.939998626708984,49.36000061035156,49.939998626708984,2825900
2014-02-19,32.81220245361328,49.27000045776367,49.650001525878906,49.18000030517578,49.470001220703125,2131600
2014-02-20,33.15184020996094,49.779998779296875,49.939998626708984,49.209999084472656,49.27000045776367,2436000
2014-02-21,32.9720344543457,49.5099983215332,50.09000015258789,49.4900016784668,49.88999938964844,2937200
2014-02-24,33.198448181152344,49.849998474121094,50.060001373291016,49.619998931884766,49.72999954223633,2828300
2014-02-25,33.331661224365234,50.04999923706055,50.27000045776367,49.810001373291016,49.93000030517578,2760400
2014-02-26,33.07193374633789,49.65999984741211,50.290000915527344,49.56999969482422,50.09000015258789,2141600
2014-02-27,33.15184020996094,49.779998779296875,49.83000183105469,49.45000076293945,49.47999954223633,2172300
2014-02-28,33.31834411621094,50.029998779296875,50.31999969482422,49.790000915527344,49.81999969482422,3337200
2014-03-03,33.20512390136719,49.86000061035156,50.0099983215332,49.52000045776367,49.52000045776367,3464600
2014-03-04,33.791168212890625,50.7400016784668,50.7599983215332,50.119998931884766,50.220001220703125,3823600
2014-03-05,33.72458267211914,50.63999938964844,50.90999984741211,50.459999084472656,50.619998931884766,2317300
2014-03-06,33.744544982910156,50.66999816894531,50.84000015258789,50.560001373291016,50.58000183105469,1962100
2014-03-07,33.83113098144531,50.79999923706055,50.84000015258789,50.43000030517578,50.72999954223633,1808600
2014-03-10,33.598045349121094,50.45000076293945,50.56999969482422,50.279998779296875,50.54999923706055,2581800
2014-03-11,33.791168212890625,50.7400016784668,50.84000015258789,50.400001525878906,50.560001373291016,2281100
2014-03-12,34.19740295410156,51.349998474121094,51.400001525878906,50.54999923706055,50.61000061035156,2964600
2014-03-13,33.97097396850586,51.0099983215332,51.66999816894531,50.79999923706055,51.38999938964844,3737200
2014-03-14,33.14518737792969,49.77000045776367,50.31999969482422,49.439998626708984,49.439998626708984,5782700
2014-03-17,33.584720611572266,50.43000030517578,50.529998779296875,49.970001220703125,50.040000915527344,3428800
2014-03-18,33.77119827270508,50.709999084472656,50.9900016784668,50.349998474121094,50.709999084472656,3077500
2014-03-19,33.791168212890625,50.7400016784668,51.400001525878906,50.61000061035156,50.650001525878906,3425700
2014-03-20,33.99761199951172,51.04999923706055,51.290000915527344,50.720001220703125,50.880001068115234,3369600
2014-03-21,33.98429870605469,51.029998779296875,51.70000076293945,51.029998779296875,51.439998626708984,6460100
2014-03-24,33.77784729003906,50.720001220703125,51.439998626708984,50.720001220703125,51.220001220703125,3534500
2014-03-25,34.017601013183594,51.08000183105469,51.25,50.79999923706055,51.029998779296875,3425200
2014-03-26,34.030914306640625,51.099998474121094,51.209999084472656,50.84000015258789,51.04999923706055,4643700
2014-03-27,34.017601013183594,51.08000183105469,51.36000061035156,50.959999084472656,51.06999969482422,4844200
2014-03-28,34.16411209106445,51.29999923706055,51.52000045776367,51.130001068115234,51.369998931884766,1943100
2014-03-31,34.51041030883789,51.81999969482422,52.0,51.4900016784668,51.529998779296875,2995600
2014-04-01,34.48377990722656,51.779998779296875,51.88999938964844,51.380001068115234,51.650001525878906,2782200
2014-04-02,34.37722396850586,51.619998931884766,51.86000061035156,51.43000030517578,51.849998474121094,2339700
2014-04-03,34.7834587097168,52.22999954223633,52.33000183105469,51.540000915527344,51.91999816894531,3611400
2014-04-04,34.13079833984375,51.25,52.02000045776367,51.209999084472656,51.91999816894531,4452200
2014-04-07,34.53038787841797,51.849998474121094,52.29999923706055,51.34000015258789,51.45000076293945,5409100
2014-04-08,34.4229850769043,51.279998779296875,51.540000915527344,51.11000061035156,51.439998626708984,4559300
2014-04-09,34.416290283203125,51.27000045776367,51.40999984741211,51.04999923706055,51.220001220703125,3248000
2014-04-10,34.23503875732422,51.0,52.040000915527344,50.97999954223633,51.36000061035156,4626400
2014-04-11,34.335723876953125,51.150001525878906,51.540000915527344,50.970001220703125,51.02000045776367,4236400
2014-04-14,34.43641662597656,51.29999923706055,51.54999923706055,51.040000915527344,51.470001220703125,2618200
2014-04-15,34.40283966064453,51.25,51.43000030517578,51.04999923706055,51.34000015258789,4045300
2014-04-16,35.080833435058594,52.2599983215332,52.400001525878906,51.47999954223633,51.560001373291016,3755700
2014-04-17,34.96672821044922,52.09000015258789,52.25,51.849998474121094,52.22999954223633,2648800
2014-04-21,35.107696533203125,52.29999923706055,52.4900016784668,51.91999816894531,52.06999969482422,2039100
2014-04-22,35.033843994140625,52.189998626708984,52.400001525878906,52.02000045776367,52.15999984741211,2163100
2014-04-23,35.15467834472656,52.369998931884766,52.650001525878906,52.130001068115234,52.22999954223633,2660800
2014-04-24,35.19495391845703,52.43000030517578,52.540000915527344,52.2400016784668,52.33000183105469,2290600
2014-04-25,35.10097122192383,52.290000915527344,52.66999816894531,52.13999938964844,52.43000030517578,2205000
2014-04-28,35.69169616699219,53.16999816894531,53.31999969482422,52.5099983215332,52.58000183105469,3315500
2014-04-29,35.450042724609375,52.810001373291016,53.38999938964844,52.77000045776367,53.27000045776367,2055600
2014-04-30,35.590999603271484,53.02000045776367,53.09000015258789,52.75,52.779998779296875,2273400
2014-05-01,35.36277389526367,52.68000030517578,53.25,52.459999084472656,53.220001220703125,2115300
2014-05-02,35.409751892089844,52.75,52.88999938964844,52.470001220703125,52.540000915527344,1943300
2014-05-05,35.58428955078125,53.0099983215332,53.060001373291016,52.45000076293945,52.58000183105469,1773700
2014-05-06,35.48359680175781,52.86000061035156,53.34000015258789,52.84000015258789,52.9900016784668,2309100
2014-05-07,35.940067291259766,53.540000915527344,53.63999938964844,53.040000915527344,53.06999969482422,2637700
2014-05-08,36.0273323059082,53.66999816894531,53.689998626708984,53.31999969482422,53.439998626708984,2208800
2014-05-09,36.51736831665039,54.400001525878906,54.45000076293945,53.59000015258789,53.65999984741211,3889000
2014-05-12,36.42338943481445,54.2599983215332,54.779998779296875,54.08000183105469,54.54999923706055,2748200
2014-05-13,36.497230529785156,54.369998931884766,54.5,54.22999954223633,54.2599983215332,1788100
2014-05-14,36.315982818603516,54.099998474121094,54.41999816894531,54.0099983215332,54.400001525878906,1480600
2014-05-15,35.85280227661133,53.40999984741211,54.18000030517578,53.31999969482422,53.97999954223633,3143200
2014-05-16,36.12131118774414,53.810001373291016,53.84000015258789,53.31999969482422,53.31999969482422,2657400
2014-05-19,36.06089782714844,53.720001220703125,53.81999969482422,53.439998626708984,53.560001373291016,1241400
2014-05-20,35.89979553222656,53.47999954223633,53.70000076293945,53.27000045776367,53.70000076293945,2100900
2014-05-21,35.89979553222656,53.47999954223633,53.560001373291016,53.15999984741211,53.5,1842700
2014-05-22,36.074337005615234,53.7400016784668,53.79999923706055,53.310001373291016,53.5,1694000
2014-05-23,36.12131118774414,53.810001373291016,53.90999984741211,53.7400016784668,53.75,1317100
2014-05-27,36.409969329833984,54.2400016784668,54.279998779296875,53.93000030517578,53.959999084472656,2210000
2014-05-28,36.409969329833984,54.2400016784668,54.369998931884766,54.20000076293945,54.349998474121094,1899900
2014-05-29,36.718753814697266,54.70000076293945,54.709999084472656,54.15999984741211,54.38999938964844,1674500
2014-05-30,36.87313461303711,54.93000030517578,54.97999954223633,54.5099983215332,54.5099983215332,2516300
2014-06-02,36.8597297668457,54.90999984741211,55.060001373291016,54.75,54.869998931884766,1883300
2014-06-03,36.95370101928711,55.04999923706055,55.06999969482422,54.599998474121094,54.599998474121094,2100500
2014-06-04,37.29603958129883,55.560001373291016,55.56999969482422,54.900001525878906,54.900001525878906,2405100
2014-06-05,37.148372650146484,55.34000015258789,55.63999938964844,55.27000045776367,55.47999954223633,1776000
2014-06-06,37.195350646972656,55.40999984741211,55.45000076293945,55.209999084472656,55.29999923706055,1580200
2014-06-09,37.034263610839844,55.16999816894531,55.630001068115234,55.09000015258789,55.40999984741211,1815800
2014-06-10,37.02753448486328,55.15999984741211,55.279998779296875,54.939998626708984,55.06999969482422,1772200
2014-06-11,36.752315521240234,54.75,55.2400016784668,54.650001525878906,55.13999938964844,1559600
2014-06-12,36.383113861083984,54.20000076293945,54.75,54.0099983215332,54.5099983215332,2276700
2014-06-13,36.45695495605469,54.310001373291016,54.45000076293945,54.09000015258789,54.2599983215332,2414400
2014-06-16,36.38981628417969,54.209999084472656,54.310001373291016,54.119998931884766,54.310001373291016,2468400
2014-06-17,36.44353485107422,54.290000915527344,54.40999984741211,54.189998626708984,54.310001373291016,2379800
2014-06-18,36.705326080322266,54.68000030517578,54.709999084472656,54.0,54.060001373291016,3641600
2014-06-19,36.812721252441406,54.84000015258789,54.84000015258789,54.4900016784668,54.54999923706055,2506200
2014-06-20,36.67847442626953,54.63999938964844,55.060001373291016,54.540000915527344,54.97999954223633,4096900
2014-06-23,36.430110931396484,54.27000045776367,54.66999816894531,54.20000076293945,54.63999938964844,2761200
2014-06-24,36.0474853515625,53.70000076293945,54.16999816894531,53.70000076293945,54.15999984741211,4624000
2014-06-25,34.74520492553711,51.7599983215332,52.2599983215332,51.5,51.79999923706055,8822200
2014-06-26,34.92644119262695,52.029998779296875,52.220001220703125,51.689998626708984,51.869998931884766,5677200
2014-06-27,35.11439895629883,52.310001373291016,52.369998931884766,51.83000183105469,52.0,4480000
2014-06-30,35.26880645751953,52.540000915527344,52.84000015258789,52.08000183105469,52.25,4011100
2014-07-01,35.51045227050781,52.900001525878906,53.119998931884766,52.18000030517578,52.18000030517578,3924100
2014-07-02,35.58428955078125,53.0099983215332,53.13999938964844,52.79999923706055,52.88999938964844,2465300
2014-07-03,35.61114501953125,53.04999923706055,53.52000045776367,53.04999923706055,53.36000061035156,2975100
2014-07-07,35.85951232910156,53.41999816894531,53.650001525878906,53.099998474121094,53.099998474121094,2934100
2014-07-08,35.92041015625,53.099998474121094,53.41999816894531,52.72999954223633,53.0,4049900
2014-07-09,36.02863311767578,53.2599983215332,53.43000030517578,53.029998779296875,53.33000183105469,2711900
2014-07-10,35.86629104614258,53.02000045776367,53.2599983215332,52.72999954223633,52.900001525878906,2737800
2014-07-11,35.791873931884766,52.90999984741211,53.08000183105469,52.7400016784668,53.08000183105469,2053400
2014-07-14,35.87981033325195,53.040000915527344,53.27000045776367,52.97999954223633,53.119998931884766,2280200
2014-07-15,35.80540466308594,52.93000030517578,53.11000061035156,52.88999938964844,53.0099983215332,2430200
2014-07-16,35.90687561035156,53.08000183105469,53.119998931884766,52.709999084472656,52.97999954223633,2831200
2014-07-17,35.70393371582031,52.779998779296875,53.16999816894531,52.77000045776367,53.0,2609500
2014-07-18,35.893348693847656,53.060001373291016,53.2599983215332,52.810001373291016,53.02000045776367,2869700
2014-07-21,35.7580451965332,52.86000061035156,53.09000015258789,52.77000045776367,52.939998626708984,1699300
2014-07-22,35.81892776489258,52.95000076293945,53.099998474121094,52.720001220703125,52.7599983215332,1770100
2014-07-23,35.78510665893555,52.900001525878906,53.11000061035156,52.81999969482422,52.95000076293945,2213300
2014-07-24,35.81892776489258,52.95000076293945,53.08000183105469,52.880001068115234,52.959999084472656,2051400
2014-07-25,35.72422409057617,52.810001373291016,52.9900016784668,52.630001068115234,52.91999816894531,1665300
2014-07-28,35.764808654785156,52.869998931884766,53.150001525878906,52.790000915527344,52.790000915527344,1900000
2014-07-29,35.52128982543945,52.5099983215332,53.130001068115234,52.5099983215332,52.810001373291016,1966900
2014-07-30,34.93952178955078,51.650001525878906,52.70000076293945,51.619998931884766,52.58000183105469,3684900
2014-07-31,33.92483139038086,50.150001525878906,51.400001525878906,50.13999938964844,51.349998474121094,5499600
2014-08-01,34.45246887207031,50.93000030517578,51.09000015258789,50.2400016784668,50.279998779296875,4714400
2014-08-04,34.69599914550781,51.290000915527344,51.29999923706055,50.86000061035156,51.09000015258789,2926900
2014-08-05,34.41864776611328,50.880001068115234,51.2400016784668,50.790000915527344,51.2400016784668,2969400
2014-08-06,34.98687744140625,51.720001220703125,51.779998779296875,50.709999084472656,50.81999969482422,3270600
2014-08-07,34.6892204284668,51.279998779296875,51.91999816894531,51.16999816894531,51.349998474121094,1872200
2014-08-08,35.1559944152832,51.970001220703125,51.9900016784668,51.25,51.369998931884766,2113000
2014-08-11,35.47393035888672,52.439998626708984,52.720001220703125,52.02000045776367,52.02000045776367,2422600
2014-08-12,35.5009880065918,52.47999954223633,52.56999969482422,52.16999816894531,52.25,1908500
2014-08-13,35.54833984375,52.54999923706055,52.70000076293945,52.400001525878906,52.689998626708984,1607700
2014-08-14,35.70393371582031,52.779998779296875,52.779998779296875,52.47999954223633,52.5,1696700
2014-08-15,35.62275695800781,52.65999984741211,53.150001525878906,52.369998931884766,52.93000030517578,1973200
2014-08-18,35.845985412597656,52.9900016784668,53.040000915527344,52.720001220703125,52.93000030517578,2166900
2014-08-19,36.00835037231445,53.22999954223633,53.29999923706055,52.77000045776367,53.0,1637400
2014-08-20,36.13687515258789,53.41999816894531,53.52000045776367,52.90999984741211,53.04999923706055,1662000
2014-08-21,36.00157165527344,53.220001220703125,53.650001525878906,53.189998626708984,53.5,2389600
2014-08-22,35.656578063964844,52.709999084472656,53.369998931884766,52.630001068115234,53.2400016784668,3286400
2014-08-25,35.751277923583984,52.849998474121094,53.150001525878906,52.7400016784668,53.099998474121094,2269700
2014-08-26,35.839210510253906,52.97999954223633,53.27000045776367,52.88999938964844,53.15999984741211,2242800
2014-08-27,36.02863311767578,53.2599983215332,53.27000045776367,52.90999984741211,52.90999984741211,1532600
2014-08-28,35.981285095214844,53.189998626708984,53.290000915527344,53.060001373291016,53.08000183105469,1380400
2014-08-29,36.10980224609375,53.380001068115234,53.43000030517578,53.18000030517578,53.20000076293945,2313700
2014-09-02,36.096290588378906,53.36000061035156,53.7400016784668,53.2400016784668,53.400001525878906,2045600
2014-09-03,36.21804428100586,53.540000915527344,53.650001525878906,53.36000061035156,53.58000183105469,2191300
2014-09-04,36.177459716796875,53.47999954223633,53.779998779296875,53.349998474121094,53.560001373291016,1882200
2014-09-05,36.4074592590332,53.81999969482422,53.84000015258789,53.2400016784668,53.45000076293945,1959800
2014-09-08,36.197750091552734,53.5099983215332,53.83000183105469,53.470001220703125,53.540000915527344,1365700
2014-09-09,35.967742919921875,53.16999816894531,53.66999816894531,53.13999938964844,53.33000183105469,3897200
2014-09-10,36.00835037231445,53.22999954223633,53.290000915527344,52.83000183105469,53.11000061035156,2233300
2014-09-11,36.035396575927734,53.27000045776367,53.279998779296875,52.95000076293945,53.189998626708984,2113300
2014-09-12,35.710697174072266,52.790000915527344,53.279998779296875,52.65999984741211,53.16999816894531,1951800
2014-09-15,35.974525451660156,53.18000030517578,53.22999954223633,52.599998474121094,52.880001068115234,2209300
2014-09-16,35.974525451660156,53.18000030517578,53.560001373291016,53.02000045776367,53.18000030517578,3174700
2014-09-17,34.384822845458984,50.83000183105469,52.290000915527344,50.560001373291016,52.040000915527344,11820900
2014-09-18,34.64864730834961,51.220001220703125,51.380001068115234,50.34000015258789,50.84000015258789,7498600
2014-09-19,34.6892204284668,51.279998779296875,51.45000076293945,51.09000015258789,51.45000076293945,4140100
2014-09-22,34.33069610595703,50.75,51.279998779296875,50.7400016784668,51.20000076293945,3550500
2014-09-23,34.10070037841797,50.40999984741211,50.65999984741211,50.38999938964844,50.560001373291016,4522800
2014-09-24,34.12775421142578,50.45000076293945,50.84000015258789,50.43000030517578,50.5,5138300
2014-09-25,33.904518127441406,50.119998931884766,50.4900016784668,49.93000030517578,50.4900016784668,4126500
2014-09-26,34.01274490356445,50.279998779296875,50.43000030517578,49.86000061035156,50.119998931884766,3002400
2014-09-29,34.24952697753906,50.630001068115234,50.790000915527344,50.040000915527344,50.09000015258789,2691400
2014-09-30,34.12775421142578,50.45000076293945,50.70000076293945,50.29999923706055,50.459999084472656,2822800
2014-10-01,33.80983352661133,49.97999954223633,50.09000015258789,49.599998474121094,49.709999084472656,3788400
2014-10-02,33.91805648803711,50.13999938964844,50.22999954223633,49.83000183105469,49.97999954223633,3471900
2014-10-03,34.14129638671875,50.470001220703125,50.63999938964844,50.220001220703125,50.40999984741211,2383700
2014-10-06,34.22247314453125,50.59000015258789,50.72999954223633,50.22999954223633,50.61000061035156,2866300
2014-10-07,33.945125579833984,50.18000030517578,50.689998626708984,50.18000030517578,50.40999984741211,3305600
2014-10-08,34.20429611206055,50.150001525878906,50.209999084472656,49.619998931884766,49.79999923706055,3417500
2014-10-09,34.02695846557617,49.88999938964844,50.630001068115234,49.88999938964844,50.18000030517578,3548000
2014-10-10,33.972408294677734,49.810001373291016,50.5099983215332,49.77000045776367,49.88999938964844,3800300
2014-10-13,33.61091995239258,49.279998779296875,50.040000915527344,49.2599983215332,50.029998779296875,2955900
2014-10-14,33.77460861206055,49.52000045776367,49.97999954223633,49.29999923706055,49.41999816894531,2621100
2014-10-15,33.49497985839844,49.11000061035156,49.41999816894531,48.31999969482422,49.16999816894531,4586100
2014-10-16,33.324462890625,48.86000061035156,49.15999984741211,48.400001525878906,48.43000030517578,3742000
2014-10-17,33.617740631103516,49.290000915527344,49.58000183105469,49.029998779296875,49.33000183105469,3005500
2014-10-20,34.04742431640625,49.91999816894531,50.04999923706055,49.25,49.29999923706055,2614300
2014-10-21,34.41572570800781,50.459999084472656,50.4900016784668,49.900001525878906,50.220001220703125,3401400
2014-10-22,34.51119613647461,50.599998474121094,50.91999816894531,50.52000045776367,50.619998931884766,2170100
2014-10-23,34.449825286865234,50.5099983215332,50.900001525878906,50.45000076293945,50.83000183105469,1709700
2014-10-24,34.80447769165039,51.029998779296875,51.040000915527344,50.540000915527344,50.540000915527344,1744800
2014-10-27,34.89316940307617,51.15999984741211,51.45000076293945,50.84000015258789,51.0,1366300
2014-10-28,35.0432014465332,51.380001068115234,51.439998626708984,51.029998779296875,51.439998626708984,1370600
2014-10-29,34.715824127197266,50.900001525878906,51.45000076293945,50.400001525878906,51.41999816894531,2920300
2014-10-30,35.09095001220703,51.45000076293945,51.560001373291016,50.599998474121094,50.650001525878906,2055500
2014-10-31,35.438777923583984,51.959999084472656,52.0,51.65999984741211,51.90999984741211,2666300
2014-11-03,35.91621017456055,52.65999984741211,52.72999954223633,51.88999938964844,52.0,3457700
2014-11-04,36.05261993408203,52.86000061035156,52.959999084472656,52.59000015258789,52.720001220703125,3903800
2014-11-05,36.264041900634766,53.16999816894531,53.439998626708984,52.91999816894531,53.130001068115234,2398200
2014-11-06,36.33225631713867,53.27000045776367,53.31999969482422,52.77000045776367,53.209999084472656,1962600
2014-11-07,35.02956008911133,51.36000061035156,52.130001068115234,51.099998474121094,51.459999084472656,6440300
2014-11-10,34.69536209106445,50.869998931884766,51.29999923706055,50.43000030517578,51.29999923706055,4397400
2014-11-11,34.76356887817383,50.970001220703125,51.150001525878906,50.66999816894531,50.83000183105469,2570600
2014-11-12,34.75674819946289,50.959999084472656,51.08000183105469,50.529998779296875,50.599998474121094,2615800
2014-11-13,34.784027099609375,51.0,51.16999816894531,50.61000061035156,51.11000061035156,3048200
2014-11-14,34.661258697509766,50.81999969482422,51.040000915527344,50.63999938964844,50.9900016784668,2814100
2014-11-17,35.022727966308594,51.349998474121094,51.439998626708984,50.79999923706055,50.81999969482422,2196300
2014-11-18,35.18642807006836,51.59000015258789,51.720001220703125,51.2599983215332,51.41999816894531,2215300
2014-11-19,35.411495208740234,51.91999816894531,51.959999084472656,51.369998931884766,51.400001525878906,1920600
2014-11-20,35.220523834228516,51.63999938964844,51.849998474121094,51.54999923706055,51.81999969482422,1540100
2014-11-21,35.363765716552734,51.849998474121094,52.22999954223633,51.599998474121094,52.22999954223633,2508700
2014-11-24,35.12505340576172,51.5,51.9900016784668,51.369998931884766,51.790000915527344,2213600
2014-11-25,35.227359771728516,51.650001525878906,51.849998474121094,51.38999938964844,51.5,3555200
2014-11-26,35.363765716552734,51.849998474121094,51.88999938964844,51.63999938964844,51.720001220703125,1355500
2014-11-28,35.977596282958984,52.75,52.86000061035156,52.0,52.130001068115234,1664500
2014-12-01,35.89574432373047,52.630001068115234,52.7599983215332,52.220001220703125,52.529998779296875,2183900
2014-12-02,36.18220138549805,53.04999923706055,53.130001068115234,52.66999816894531,52.790000915527344,3093400
2014-12-03,36.175384521484375,53.040000915527344,53.45000076293945,52.65999984741211,52.900001525878906,4708000
2014-12-04,36.14811325073242,53.0,53.189998626708984,52.7400016784668,52.95000076293945,2933100
2014-12-05,36.229957580566406,53.119998931884766,53.22999954223633,52.869998931884766,53.0,2579300
2014-12-08,36.10036087036133,52.93000030517578,53.2400016784668,52.61000061035156,52.90999984741211,2878600
2014-12-09,35.657047271728516,52.279998779296875,52.810001373291016,52.11000061035156,52.59000015258789,2956600
2014-12-10,35.45925521850586,51.9900016784668,52.529998779296875,51.95000076293945,52.5099983215332,2518700
2014-12-11,35.79343795776367,52.47999954223633,52.70000076293945,52.029998779296875,52.09000015258789,4118200
2014-12-12,35.534271240234375,52.099998474121094,52.54999923706055,52.0099983215332,52.060001373291016,4610000
2014-12-15,35.10459518432617,51.470001220703125,52.349998474121094,51.22999954223633,52.15999984741211,3319100
2014-12-16,34.87269592285156,51.130001068115234,52.45000076293945,51.08000183105469,51.43000030517578,3904700
2014-12-17,35.59565734863281,52.189998626708984,52.40999984741211,51.400001525878906,51.529998779296875,4644500
2014-12-18,36.49594497680664,53.5099983215332,53.529998779296875,52.459999084472656,52.5,4622100
2014-12-19,36.7005615234375,53.810001373291016,53.97999954223633,53.2599983215332,53.5,4901900
2014-12-22,37.089317321777344,54.380001068115234,54.38999938964844,53.81999969482422,53.95000076293945,2552400
2014-12-23,37.10978698730469,54.40999984741211,54.61000061035156,54.22999954223633,54.560001373291016,2340700
2014-12-24,37.04158401489258,54.310001373291016,54.560001373291016,54.2400016784668,54.34000015258789,1214500
2014-12-26,37.089317321777344,54.380001068115234,54.58000183105469,54.2599983215332,54.34000015258789,1053800
2014-12-29,37.04158401489258,54.310001373291016,54.45000076293945,54.119998931884766,54.220001220703125,1486500
2014-12-30,37.0688591003418,54.349998474121094,54.599998474121094,54.2400016784668,54.29999923706055,1361600
2014-12-31,36.3731803894043,53.33000183105469,54.27000045776367,53.2400016784668,54.189998626708984,2516700
2015-01-02,36.22312545776367,53.11000061035156,53.599998474121094,52.79999923706055,53.099998474121094,2165000
2015-01-05,35.56837463378906,52.150001525878906,52.689998626708984,52.060001373291016,52.27000045776367,4149500
2015-01-06,35.47971725463867,52.02000045776367,52.619998931884766,51.900001525878906,52.439998626708984,3036200
2015-01-07,36.229957580566406,53.119998931884766,53.2599983215332,52.369998931884766,52.45000076293945,3204200
2015-01-08,36.821075439453125,53.56999969482422,53.65999984741211,52.970001220703125,53.09000015258789,3998400
2015-01-09,36.44989776611328,53.029998779296875,53.68000030517578,52.79999923706055,53.59000015258789,2051900
2015-01-12,36.1887092590332,52.650001525878906,53.18000030517578,52.52000045776367,52.880001068115234,2009400
2015-01-13,36.229949951171875,52.709999084472656,53.27000045776367,52.470001220703125,53.029998779296875,2967600
2015-01-14,36.37428665161133,52.91999816894531,52.9900016784668,52.29999923706055,52.41999816894531,4427800
2015-01-15,36.738582611083984,53.45000076293945,53.91999816894531,52.810001373291016,53.18000030517578,4532100
2015-01-16,36.71110534667969,53.40999984741211,53.54999923706055,53.029998779296875,53.31999969482422,4273100
2015-01-20,37.391571044921875,54.400001525878906,54.54999923706055,53.220001220703125,53.61000061035156,5217700
2015-01-21,37.17161178588867,54.08000183105469,54.47999954223633,53.880001068115234,54.099998474121094,3565500
2015-01-22,37.652748107910156,54.779998779296875,54.79999923706055,53.900001525878906,54.40999984741211,2986200
2015-01-23,37.50155258178711,54.560001373291016,54.720001220703125,54.2400016784668,54.68000030517578,2998800
2015-01-26,37.76959228515625,54.95000076293945,54.970001220703125,54.279998779296875,54.5,3717200
2015-01-27,37.879581451416016,55.11000061035156,55.470001220703125,54.27000045776367,54.36000061035156,4819600
2015-01-28,37.17161178588867,54.08000183105469,55.59000015258789,54.02000045776367,55.2400016784668,3116500
2015-01-29,36.862300872802734,53.630001068115234,53.72999954223633,52.86000061035156,53.599998474121094,4450100
2015-01-30,36.07185363769531,52.47999954223633,53.400001525878906,52.41999816894531,53.189998626708984,3919500
2015-02-02,36.47739791870117,53.06999969482422,53.099998474121094,51.900001525878906,52.650001525878906,3631400
2015-02-03,36.60798645019531,53.2599983215332,53.5,52.83000183105469,53.45000076293945,2632400
2015-02-04,36.58049392700195,53.220001220703125,53.65999984741211,53.060001373291016,53.279998779296875,2434800
2015-02-05,36.7042236328125,53.400001525878906,53.45000076293945,53.11000061035156,53.27000045776367,1948800
2015-02-06,36.53925323486328,53.15999984741211,53.459999084472656,52.9900016784668,53.2599983215332,1997100
2015-02-09,36.42928695678711,53.0,53.22999954223633,52.81999969482422,53.060001373291016,3168100
2015-02-10,36.58737564086914,53.22999954223633,53.40999984741211,52.84000015258789,53.099998474121094,2529900
2015-02-11,36.53925323486328,53.15999984741211,53.529998779296875,52.77000045776367,53.369998931884766,2523600
2015-02-12,36.38116455078125,52.93000030517578,52.959999084472656,52.40999984741211,52.54999923706055,3115600
2015-02-13,36.07185363769531,52.47999954223633,52.65999984741211,51.95000076293945,52.65999984741211,3464700
2015-02-17,35.97562789916992,52.34000015258789,52.52000045776367,52.0,52.33000183105469,3534100
2015-02-18,36.34679412841797,52.880001068115234,52.959999084472656,52.33000183105469,52.34000015258789,2572900
2015-02-19,36.738582611083984,53.45000076293945,53.63999938964844,52.75,52.880001068115234,3431700
2015-02-20,36.75233459472656,53.470001220703125,53.56999969482422,53.029998779296875,53.40999984741211,3113000
2015-02-23,36.76607894897461,53.4900016784668,53.54999923706055,53.2599983215332,53.380001068115234,1747200
2015-02-24,36.717960357666016,53.41999816894531,53.5,53.02000045776367,53.369998931884766,2463500
2015-02-25,36.80044174194336,53.540000915527344,53.65999984741211,53.31999969482422,53.36000061035156,1824200
2015-02-26,36.717960357666016,53.41999816894531,53.630001068115234,53.36000061035156,53.630001068115234,2099100
2015-02-27,36.9722900390625,53.790000915527344,53.84000015258789,53.33000183105469,53.45000076293945,3038300
2015-03-02,36.772953033447266,53.5,53.7599983215332,53.33000183105469,53.61000061035156,1518900
2015-03-03,36.75920867919922,53.47999954223633,53.5,53.04999923706055,53.40999984741211,1690700
2015-03-04,36.573631286621094,53.209999084472656,53.439998626708984,52.970001220703125,53.34000015258789,1993300
2015-03-05,36.62173843383789,53.279998779296875,53.349998474121094,52.91999816894531,53.349998474121094,1600700
2015-03-06,35.83129119873047,52.130001068115234,52.95000076293945,51.939998626708984,52.939998626708984,3430900
2015-03-09,36.08559799194336,52.5,52.65999984741211,51.939998626708984,52.09000015258789,2170100
2015-03-10,35.597599029541016,51.790000915527344,52.310001373291016,51.790000915527344,52.209999084472656,2280200
2015-03-11,35.53573989868164,51.70000076293945,52.099998474121094,51.43000030517578,51.959999084472656,2545100
2015-03-12,36.168094635009766,52.619998931884766,52.70000076293945,51.869998931884766,51.880001068115234,2501100
2015-03-13,35.84503936767578,52.150001525878906,52.54999923706055,51.77000045776367,52.470001220703125,2240100
2015-03-16,36.02373504638672,52.40999984741211,52.61000061035156,52.09000015258789,52.34000015258789,2811800
2015-03-17,35.776302337646484,52.04999923706055,52.220001220703125,51.79999923706055,52.220001220703125,2854500
2015-03-18,36.33305358886719,52.86000061035156,53.150001525878906,51.45000076293945,51.88999938964844,5122800
2015-03-19,36.113094329833984,52.540000915527344,53.16999816894531,52.5099983215332,52.72999954223633,2496000
2015-03-20,36.738582611083984,53.45000076293945,53.72999954223633,52.77000045776367,52.83000183105469,4070100
2015-03-23,36.937923431396484,53.7400016784668,54.06999969482422,53.400001525878906,53.45000076293945,2623000
2015-03-24,36.56675338745117,53.20000076293945,54.099998474121094,53.18000030517578,53.880001068115234,2854600
2015-03-25,36.937923431396484,53.7400016784668,54.83000183105469,53.33000183105469,53.77000045776367,6753300
2015-03-26,37.075382232666016,53.939998626708984,54.040000915527344,53.5099983215332,53.529998779296875,5693100
2015-03-27,37.79709243774414,54.9900016784668,55.0,53.86000061035156,53.90999984741211,4990800
2015-03-30,38.73188400268555,56.349998474121094,56.380001068115234,54.72999954223633,55.029998779296875,7165900
2015-03-31,38.90371322631836,56.599998474121094,57.25,56.15999984741211,56.220001220703125,7898300
2015-04-01,38.821231842041016,56.47999954223633,56.52000045776367,55.689998626708984,56.38999938964844,4627900
2015-04-02,38.86935806274414,56.54999923706055,56.83000183105469,56.25,56.439998626708984,3270800
2015-04-06,38.99995803833008,56.7400016784668,57.72999954223633,56.630001068115234,57.540000915527344,4173000
2015-04-07,38.54631042480469,56.08000183105469,56.7400016784668,56.0,56.7400016784668,3108600
2015-04-08,38.67792892456055,55.83000183105469,55.86000061035156,55.43000030517578,55.70000076293945,2874400
2015-04-09,38.88576889038086,56.130001068115234,56.209999084472656,55.599998474121094,55.70000076293945,2261000
2015-04-10,39.135162353515625,56.4900016784668,56.5099983215332,56.060001373291016,56.16999816894531,2962900
2015-04-13,39.09361267089844,56.43000030517578,56.599998474121094,56.36000061035156,56.470001220703125,2555800
2015-04-14,39.23215103149414,56.630001068115234,56.86000061035156,56.279998779296875,56.4900016784668,2443900
2015-04-15,39.107452392578125,56.45000076293945,56.84000015258789,56.349998474121094,56.779998779296875,2067600
2015-04-16,38.95504379272461,56.22999954223633,56.400001525878906,56.099998474121094,56.380001068115234,2704600
2015-04-17,38.85805130004883,56.09000015258789,56.189998626708984,55.689998626708984,55.86000061035156,2639300
2015-04-20,39.107452392578125,56.45000076293945,57.119998931884766,56.400001525878906,56.689998626708984,2276600
2015-04-21,38.87190628051758,56.11000061035156,56.599998474121094,56.040000915527344,56.45000076293945,1805700
2015-04-22,38.941192626953125,56.209999084472656,56.369998931884766,55.95000076293945,56.369998931884766,1891600
2015-04-23,38.99659729003906,56.290000915527344,56.5,55.880001068115234,55.97999954223633,2411700
2015-04-24,39.058963775634766,56.380001068115234,56.63999938964844,56.20000076293945,56.459999084472656,1754800
2015-04-27,38.83033752441406,56.04999923706055,56.5,56.0,56.439998626708984,1696300
2015-04-28,38.86497497558594,56.099998474121094,56.22999954223633,55.7599983215332,56.0,1805500
2015-04-29,38.497802734375,55.56999969482422,56.189998626708984,55.470001220703125,56.0099983215332,2069200
2015-04-30,38.33847427368164,55.34000015258789,55.68000030517578,55.11000061035156,55.58000183105469,1815600
2015-05-01,38.58787536621094,55.70000076293945,55.81999969482422,55.2599983215332,55.5099983215332,2573900
2015-05-04,38.691776275634766,55.849998474121094,55.93000030517578,55.66999816894531,55.72999954223633,1425600
2015-05-05,38.539371490478516,55.630001068115234,56.15999984741211,55.40999984741211,56.0,2097800
2015-05-06,38.31076431274414,55.29999923706055,55.93000030517578,54.939998626708984,55.86000061035156,2197800
2015-05-07,38.539371490478516,55.630001068115234,55.790000915527344,55.13999938964844,55.25,1620900
2015-05-08,38.982757568359375,56.27000045776367,56.529998779296875,55.91999816894531,55.939998626708984,1884800
2015-05-11,38.84419631958008,56.06999969482422,56.439998626708984,56.040000915527344,56.13999938964844,1351600
2015-05-12,39.07281494140625,56.400001525878906,56.4900016784668,55.77000045776367,55.91999816894531,1780100
2015-05-13,38.948123931884766,56.220001220703125,56.79999923706055,56.11000061035156,56.36000061035156,1735500
2015-05-14,39.37763595581055,56.84000015258789,56.869998931884766,56.38999938964844,56.599998474121094,2412600
2015-05-15,39.585479736328125,57.13999938964844,57.25,56.70000076293945,56.779998779296875,2170500
2015-05-18,39.38457107543945,56.849998474121094,57.029998779296875,56.709999084472656,56.900001525878906,2545300
2015-05-19,39.39149856567383,56.86000061035156,56.959999084472656,56.61000061035156,56.790000915527344,1566600
2015-05-20,39.46769714355469,56.970001220703125,57.25,56.83000183105469,56.84000015258789,1391100
2015-05-21,39.36379623413086,56.81999969482422,57.02000045776367,56.65999984741211,56.95000076293945,1572500
2015-05-22,39.15595245361328,56.52000045776367,56.86000061035156,56.52000045776367,56.709999084472656,1813500
2015-05-26,38.78184509277344,55.97999954223633,56.56999969482422,55.93000030517578,56.5099983215332,2141300
2015-05-27,39.121315002441406,56.470001220703125,56.560001373291016,56.0099983215332,56.130001068115234,1617200
2015-05-28,38.968902587890625,56.25,56.45000076293945,56.08000183105469,56.349998474121094,1841900
2015-05-29,38.89963150024414,56.150001525878906,56.279998779296875,55.869998931884766,56.220001220703125,3132300
2015-06-01,38.99659729003906,56.290000915527344,56.38999938964844,55.90999984741211,56.31999969482422,2285400
2015-06-02,38.69871520996094,55.86000061035156,56.2599983215332,55.630001068115234,56.130001068115234,1244900
2015-06-03,38.58787536621094,55.70000076293945,56.099998474121094,55.56999969482422,56.04999923706055,1820400
2015-06-04,38.144500732421875,55.060001373291016,55.689998626708984,54.970001220703125,55.38999938964844,2186300
2015-06-05,37.70110321044922,54.41999816894531,54.91999816894531,54.13999938964844,54.869998931884766,2454900
2015-06-08,37.6595458984375,54.36000061035156,54.619998931884766,54.290000915527344,54.47999954223633,1609600
2015-06-09,37.72189712524414,54.45000076293945,54.88999938964844,54.349998474121094,54.540000915527344,2178500
2015-06-10,38.165279388427734,55.09000015258789,55.290000915527344,54.5,54.66999816894531,2287900
2015-06-11,38.17913055419922,55.11000061035156,55.31999969482422,55.0,55.150001525878906,1843200
2015-06-12,38.0474853515625,54.91999816894531,55.099998474121094,54.7400016784668,55.0099983215332,1342400
2015-06-15,37.6872673034668,54.400001525878906,54.72999954223633,54.349998474121094,54.61000061035156,2200400
2015-06-16,38.165279388427734,55.09000015258789,55.150001525878906,54.439998626708984,54.5099983215332,2302300
2015-06-17,38.276123046875,55.25,55.400001525878906,54.849998474121094,55.060001373291016,2301500
2015-06-18,38.691776275634766,55.849998474121094,56.150001525878906,55.310001373291016,55.470001220703125,2999400
2015-06-19,38.88576889038086,56.130001068115234,56.41999816894531,55.66999816894531,55.849998474121094,4183700
2015-06-22,39.190589904785156,56.56999969482422,56.86000061035156,56.279998779296875,56.38999938964844,2174900
2015-06-23,39.18366241455078,56.560001373291016,56.790000915527344,56.41999816894531,56.56999969482422,2163000
2015-06-24,39.1767463684082,56.54999923706055,56.90999984741211,56.40999984741211,56.54999923706055,4657500
2015-06-25,39.135162353515625,56.4900016784668,57.02000045776367,56.310001373291016,57.02000045776367,3766700
2015-06-26,39.43998718261719,56.93000030517578,57.060001373291016,56.470001220703125,56.689998626708984,5394700
2015-06-29,38.83726501464844,56.060001373291016,56.7400016784668,55.9900016784668,56.52000045776367,3735900
2015-06-30,38.60172653198242,55.720001220703125,56.4900016784668,55.650001525878906,56.36000061035156,3432100
2015-07-01,39.55083465576172,57.09000015258789,57.18000030517578,54.130001068115234,55.119998931884766,10353200
2015-07-02,39.52312088012695,57.04999923706055,57.79999923706055,56.84000015258789,57.18000030517578,8850700
2015-07-06,39.20444869995117,56.59000015258789,57.29999923706055,56.310001373291016,56.90999984741211,3468700
2015-07-07,40.10506820678711,57.88999938964844,57.97999954223633,56.599998474121094,56.70000076293945,4285700
2015-07-08,39.75601577758789,56.95000076293945,57.529998779296875,56.95000076293945,57.290000915527344,3604000
2015-07-09,39.74205017089844,56.93000030517578,57.66999816894531,56.90999984741211,57.40999984741211,2234600
2015-07-10,39.97940444946289,57.27000045776367,57.5,57.18000030517578,57.2599983215332,2011000
2015-07-13,40.1539306640625,57.52000045776367,57.66999816894531,57.31999969482422,57.4900016784668,2412700
2015-07-14,39.96543884277344,57.25,57.630001068115234,57.060001373291016,57.5,3175400
2015-07-15,39.65827941894531,56.810001373291016,57.380001068115234,56.650001525878906,57.06999969482422,3591700
2015-07-16,39.811851501464844,57.029998779296875,57.540000915527344,56.939998626708984,57.15999984741211,2871500
2015-07-17,39.749046325683594,56.939998626708984,57.0,56.619998931884766,56.849998474121094,2514600
2015-07-20,39.6722412109375,56.83000183105469,57.20000076293945,56.70000076293945,56.97999954223633,4683500
2015-07-21,39.93752670288086,57.209999084472656,57.47999954223633,57.08000183105469,57.380001068115234,4491200
2015-07-22,40.230709075927734,57.630001068115234,57.95000076293945,57.25,57.25,2045300
2015-07-23,39.84675979614258,57.08000183105469,57.70000076293945,57.02000045776367,57.54999923706055,1717900
2015-07-24,39.735084533691406,56.91999816894531,57.25,56.779998779296875,56.939998626708984,1994600
2015-07-27,39.76300048828125,56.959999084472656,57.060001373291016,56.45000076293945,56.599998474121094,2927000
2015-07-28,40.17486572265625,57.54999923706055,57.58000183105469,56.630001068115234,57.2599983215332,2846300
2015-07-29,40.13298416137695,57.4900016784668,57.86000061035156,57.369998931884766,57.54999923706055,3360300
2015-07-30,40.670509338378906,58.2599983215332,58.36000061035156,57.11000061035156,57.29999923706055,2716200
2015-07-31,40.6356086730957,58.209999084472656,58.529998779296875,58.040000915527344,58.4900016784668,3013900
2015-08-03,41.138221740722656,58.93000030517578,58.95000076293945,58.20000076293945,58.290000915527344,2593300
2015-08-04,41.18012619018555,58.9900016784668,59.310001373291016,58.65999984741211,58.900001525878906,2502400
2015-08-05,41.466339111328125,59.400001525878906,59.689998626708984,58.58000183105469,59.08000183105469,2248000
2015-08-06,41.57103729248047,59.54999923706055,59.869998931884766,59.130001068115234,59.7599983215332,2583700
2015-08-07,41.26387023925781,59.11000061035156,59.4900016784668,58.79999923706055,59.290000915527344,2325200
2015-08-10,41.466339111328125,59.400001525878906,59.54999923706055,59.15999984741211,59.22999954223633,1895400
2015-08-11,41.28482437133789,59.13999938964844,59.310001373291016,58.75,58.970001220703125,1798000
2015-08-12,41.25689697265625,59.099998474121094,59.13999938964844,58.11000061035156,58.77000045776367,2881600
2015-08-13,41.11030960083008,58.88999938964844,59.34000015258789,58.810001373291016,58.939998626708984,2527200
2015-08-14,41.36859130859375,59.2599983215332,59.29999923706055,58.77000045776367,58.95000076293945,1440500
2015-08-17,41.38954162597656,59.290000915527344,59.459999084472656,58.91999816894531,59.08000183105469,1484600
2015-08-18,41.14521408081055,58.939998626708984,59.5,58.849998474121094,59.15999984741211,2180800
2015-08-19,40.85898971557617,58.529998779296875,58.880001068115234,57.9900016784668,58.68000030517578,3119500
2015-08-20,40.363346099853516,57.81999969482422,58.41999816894531,57.77000045776367,58.06999969482422,2668100
2015-08-21,39.23943328857422,56.209999084472656,57.599998474121094,56.18000030517578,57.52000045776367,4083600
2015-08-24,38.05966567993164,54.52000045776367,55.61000061035156,47.5,53.93000030517578,6846800
2015-08-25,38.26211929321289,54.810001373291016,55.97999954223633,54.810001373291016,55.869998931884766,5662300
2015-08-26,39.01603698730469,55.88999938964844,56.31999969482422,54.38999938964844,55.7599983215332,5065400
2015-08-27,39.76300048828125,56.959999084472656,58.470001220703125,55.880001068115234,56.34000015258789,4011200
2015-08-28,39.881683349609375,57.130001068115234,57.16999816894531,56.61000061035156,56.61000061035156,4289000
2015-08-31,39.62337112426758,56.7599983215332,57.02000045776367,56.560001373291016,56.790000915527344,3389400
2015-09-01,38.76473617553711,55.529998779296875,56.209999084472656,55.2400016784668,55.849998474121094,4629300
2015-09-02,39.66526412963867,56.81999969482422,56.81999969482422,56.06999969482422,56.58000183105469,5751700
2015-09-03,40.21674346923828,57.61000061035156,57.93000030517578,56.70000076293945,56.790000915527344,5217600
2015-09-04,39.50470733642578,56.59000015258789,57.02000045776367,56.400001525878906,56.939998626708984,4330200
2015-09-08,39.902610778808594,57.15999984741211,57.439998626708984,56.630001068115234,57.209999084472656,3844600
2015-09-09,38.94623947143555,55.790000915527344,57.540000915527344,55.619998931884766,57.47999954223633,4923700
2015-09-10,39.01603698730469,55.88999938964844,56.25,55.529998779296875,55.709999084472656,4112800
2015-09-11,39.42093276977539,56.470001220703125,56.4900016784668,55.59000015258789,55.7599983215332,2623200
2015-09-14,39.15565872192383,56.09000015258789,56.470001220703125,55.90999984741211,56.369998931884766,3336800
2015-09-15,39.60941696166992,56.7400016784668,56.84000015258789,55.709999084472656,56.25,2508100
2015-09-16,39.87469482421875,57.119998931884766,57.25,56.63999938964844,56.939998626708984,3031200
2015-09-17,40.126007080078125,57.47999954223633,58.13999938964844,57.0,57.18000030517578,2826300
2015-09-18,39.49074172973633,56.56999969482422,57.43000030517578,56.439998626708984,56.619998931884766,5248100
2015-09-21,39.644325256347656,56.790000915527344,57.119998931884766,56.65999984741211,56.95000076293945,4194400
2015-09-22,39.881683349609375,57.130001068115234,57.41999816894531,56.209999084472656,56.779998779296875,5960300
2015-09-23,40.07714080810547,57.40999984741211,57.470001220703125,56.70000076293945,57.18000030517578,4745600
2015-09-24,39.75601577758789,56.95000076293945,57.380001068115234,56.54999923706055,57.189998626708984,5120900
2015-09-25,40.09109878540039,57.43000030517578,58.439998626708984,57.13999938964844,57.13999938964844,4836000
2015-09-28,38.68095397949219,55.40999984741211,57.439998626708984,55.13999938964844,57.20000076293945,8991100
2015-09-29,38.785667419433594,55.560001373291016,55.7400016784668,55.18000030517578,55.560001373291016,4037000
2015-09-30,39.18359375,56.130001068115234,56.29999923706055,55.47999954223633,56.13999938964844,4474100
2015-10-01,39.08585739135742,55.9900016784668,56.220001220703125,55.290000915527344,55.88999938964844,3493600
2015-10-02,39.525634765625,56.619998931884766,56.65999984741211,55.310001373291016,55.599998474121094,4062300
2015-10-05,39.94449234008789,57.220001220703125,57.27000045776367,56.77000045776367,57.0,4898100
2015-10-06,38.88340759277344,55.70000076293945,57.22999954223633,55.65999984741211,57.22999954223633,5045400
2015-10-07,39.20709228515625,55.720001220703125,55.9900016784668,55.310001373291016,55.56999969482422,4356900
2015-10-08,39.741851806640625,56.47999954223633,56.56999969482422,55.5099983215332,55.650001525878906,2836900
2015-10-09,39.83332824707031,56.61000061035156,56.959999084472656,56.41999816894531,56.41999816894531,2593900
2015-10-12,40.22736358642578,57.16999816894531,57.16999816894531,56.5,56.52000045776367,2357200
2015-10-13,39.819252014160156,56.59000015258789,57.20000076293945,56.47999954223633,56.900001525878906,2492300
2015-10-14,39.46743392944336,56.09000015258789,56.83000183105469,55.9900016784668,56.560001373291016,2330700
2015-10-15,39.6855583190918,56.400001525878906,56.529998779296875,55.880001068115234,56.45000076293945,2137100
2015-10-16,40.06553268432617,56.939998626708984,56.959999084472656,56.33000183105469,56.560001373291016,2331800
2015-10-19,39.882591247558594,56.68000030517578,57.09000015258789,56.599998474121094,56.810001373291016,1939100
2015-10-20,39.826297760009766,56.599998474121094,56.84000015258789,56.31999969482422,56.70000076293945,2025200
2015-10-21,40.093666076660156,56.97999954223633,57.369998931884766,56.52000045776367,56.66999816894531,3316600
2015-10-22,41.6768798828125,59.22999954223633,59.36000061035156,57.25,57.2599983215332,4470000
2015-10-23,41.04359817504883,58.33000183105469,59.25,58.11000061035156,59.22999954223633,3335100
2015-10-26,41.02953338623047,58.310001373291016,58.5,58.130001068115234,58.459999084472656,2385000
2015-10-27,40.9661979675293,58.220001220703125,58.400001525878906,57.810001373291016,58.02000045776367,2765400
2015-10-28,40.895835876464844,58.119998931884766,58.54999923706055,57.689998626708984,58.4900016784668,2353700
2015-10-29,40.93804931640625,58.18000030517578,58.369998931884766,57.63999938964844,58.029998779296875,1620700
2015-10-30,40.88880157470703,58.11000061035156,58.630001068115234,57.90999984741211,58.119998931884766,2373700
2015-11-02,40.79732131958008,57.97999954223633,58.2599983215332,57.54999923706055,58.18000030517578,1842500
2015-11-03,40.32588195800781,57.310001373291016,57.709999084472656,57.04999923706055,57.689998626708984,3530000
2015-11-04,40.311805725097656,57.290000915527344,57.58000183105469,57.150001525878906,57.5099983215332,2485200
2015-11-05,40.54401397705078,57.619998931884766,57.66999816894531,57.09000015258789,57.25,2419200
2015-11-06,39.81220626831055,56.58000183105469,57.31999969482422,56.15999984741211,57.310001373291016,3318700
2015-11-09,39.7066764831543,56.43000030517578,56.66999816894531,55.970001220703125,56.380001068115234,3864500
2015-11-10,39.86851501464844,56.65999984741211,56.84000015258789,56.27000045776367,56.290000915527344,2460300
2015-11-11,40.1992301940918,57.130001068115234,57.41999816894531,56.66999816894531,56.83000183105469,1907700
2015-11-12,39.54483413696289,56.20000076293945,57.029998779296875,56.20000076293945,56.689998626708984,2378500
2015-11-13,39.27042007446289,55.810001373291016,56.650001525878906,55.72999954223633,56.13999938964844,3124800
2015-11-16,40.18516159057617,57.11000061035156,57.130001068115234,55.90999984741211,55.90999984741211,2771000
2015-11-17,39.537803649902344,56.189998626708984,57.29999923706055,56.040000915527344,57.08000183105469,4712300
2015-11-18,40.22736358642578,57.16999816894531,57.2400016784668,56.25,56.27000045776367,2636100
2015-11-19,40.0444221496582,56.90999984741211,57.40999984741211,56.900001525878906,57.290000915527344,3296800
2015-11-20,39.931846618652344,56.75,57.630001068115234,56.689998626708984,57.22999954223633,2643400
2015-11-23,40.67770004272461,57.810001373291016,58.029998779296875,56.84000015258789,56.95000076293945,2704700
2015-11-24,40.790287017822266,57.970001220703125,58.15999984741211,57.400001525878906,57.52000045776367,3217800
2015-11-25,40.98027038574219,58.2400016784668,58.459999084472656,57.869998931884766,57.97999954223633,1912300
2015-11-27,41.09989929199219,58.40999984741211,58.56999969482422,58.11000061035156,58.33000183105469,950200
2015-11-30,40.642513275146484,57.7599983215332,58.61000061035156,57.75,58.56999969482422,3706300
2015-12-01,40.99434280395508,58.2599983215332,58.91999816894531,57.959999084472656,58.20000076293945,3413900
2015-12-02,40.66363525390625,57.790000915527344,58.220001220703125,57.720001220703125,58.13999938964844,2674800
2015-12-03,40.297733306884766,57.27000045776367,58.310001373291016,56.97999954223633,57.88999938964844,4353500
2015-12-04,41.17729187011719,58.52000045776367,58.709999084472656,57.45000076293945,57.4900016784668,4048000
2015-12-07,41.21952819824219,58.58000183105469,58.83000183105469,58.0,58.400001525878906,3932200
2015-12-08,41.522064208984375,59.0099983215332,59.15999984741211,58.0,58.09000015258789,3421500
2015-12-09,41.21952819824219,58.58000183105469,59.2400016784668,58.380001068115234,58.58000183105469,3309300
2015-12-10,41.36023712158203,58.779998779296875,59.11000061035156,58.279998779296875,58.59000015258789,2635300
2015-12-11,40.88176727294922,58.099998474121094,58.439998626708984,57.77000045776367,58.2400016784668,3910400
2015-12-14,41.11397171020508,58.43000030517578,58.65999984741211,57.9900016784668,58.20000076293945,3637300
2015-12-15,41.198394775390625,58.54999923706055,58.90999984741211,58.189998626708984,58.849998474121094,3975000
2015-12-16,41.64873504638672,59.189998626708984,59.33000183105469,58.31999969482422,58.779998779296875,4610700
2015-12-17,40.26958465576172,57.22999954223633,58.18000030517578,56.41999816894531,57.90999984741211,7538800
2015-12-18,40.06553268432617,56.939998626708984,57.720001220703125,56.22999954223633,56.599998474121094,6772600
2015-12-21,40.39624786376953,57.40999984741211,57.599998474121094,56.790000915527344,57.279998779296875,4099300
2015-12-22,41.09989929199219,58.40999984741211,58.56999969482422,57.40999984741211,57.689998626708984,3037100
2015-12-23,41.45874786376953,58.91999816894531,59.0,58.279998779296875,58.54999923706055,3050500
2015-12-24,41.318023681640625,58.720001220703125,58.97999954223633,58.5,58.91999816894531,1252400
2015-12-28,41.21952819824219,58.58000183105469,58.810001373291016,58.43000030517578,58.540000915527344,2344500
2015-12-29,41.43059158325195,58.880001068115234,59.0099983215332,58.7400016784668,58.77000045776367,2187300
2015-12-30,41.2054443359375,58.560001373291016,59.04999923706055,58.47999954223633,58.97999954223633,1880600
2015-12-31,40.57215118408203,57.65999984741211,58.2599983215332,57.209999084472656,58.06999969482422,2341900
2016-01-04,40.43142318725586,57.459999084472656,57.47999954223633,56.65999984741211,56.84000015258789,4257500
2016-01-05,40.248477935791016,57.20000076293945,57.90999984741211,56.959999084472656,57.68000030517578,3653800
2016-01-06,39.91776657104492,56.72999954223633,57.20000076293945,56.5,56.79999923706055,4709400
2016-01-07,39.08098602294922,55.11000061035156,55.959999084472656,54.91999816894531,55.70000076293945,5417400
2016-01-08,39.208641052246094,55.290000915527344,55.939998626708984,55.060001373291016,55.16999816894531,4295600
2016-01-11,39.64829635620117,55.90999984741211,56.040000915527344,55.31999969482422,55.38999938964844,4830800
2016-01-12,39.97449493408203,56.369998931884766,56.45000076293945,55.81999969482422,56.209999084472656,3511300
2016-01-13,39.21571350097656,55.29999923706055,56.540000915527344,55.18000030517578,56.4900016784668,4001800
2016-01-14,39.251163482666016,55.349998474121094,55.63999938964844,55.099998474121094,55.34000015258789,4465100
2016-01-15,38.818599700927734,54.7400016784668,54.90999984741211,54.16999816894531,54.27000045776367,6695500
2016-01-19,39.300819396972656,55.41999816894531,55.630001068115234,55.11000061035156,55.29999923706055,4203700
2016-01-20,38.69094467163086,54.560001373291016,55.13999938964844,53.70000076293945,54.77000045776367,4257600
2016-01-21,38.3789176940918,54.119998931884766,54.779998779296875,53.529998779296875,54.59000015258789,4912300
2016-01-22,39.23698043823242,55.33000183105469,55.540000915527344,54.29999923706055,54.7599983215332,3452200
2016-01-25,38.861141204833984,54.79999923706055,55.33000183105469,54.720001220703125,55.279998779296875,2848000
2016-01-26,39.095157623291016,55.130001068115234,55.47999954223633,54.86000061035156,54.86000061035156,2716600
2016-01-27,38.960418701171875,54.939998626708984,55.599998474121094,54.63999938964844,55.2599983215332,2553500
2016-01-28,39.151893615722656,55.209999084472656,55.70000076293945,54.97999954223633,55.349998474121094,3283400
2016-01-29,40.073795318603516,56.5099983215332,56.619998931884766,55.209999084472656,55.209999084472656,4407700
2016-02-01,40.1872444152832,56.66999816894531,56.900001525878906,56.27000045776367,56.560001373291016,2415700
2016-02-02,39.570289611816406,55.79999923706055,56.380001068115234,55.65999984741211,56.119998931884766,3177700
2016-02-03,39.47809600830078,55.66999816894531,56.209999084472656,55.15999984741211,55.939998626708984,3277500
2016-02-04,39.08806610107422,55.119998931884766,55.5099983215332,54.84000015258789,55.380001068115234,3089100
2016-02-05,39.26536178588867,55.369998931884766,55.52000045776367,54.90999984741211,55.119998931884766,3245300
2016-02-08,39.51355743408203,55.720001220703125,55.88999938964844,54.86000061035156,55.130001068115234,3279100
2016-02-09,39.6695556640625,55.939998626708984,56.22999954223633,54.84000015258789,55.29999923706055,3983100
2016-02-10,39.77592468261719,56.09000015258789,57.0099983215332,55.97999954223633,56.15999984741211,2991400
2016-02-11,39.69792938232422,55.97999954223633,56.27000045776367,55.36000061035156,55.400001525878906,3302500
2016-02-12,40.34325408935547,56.88999938964844,56.939998626708984,56.02000045776367,56.16999816894531,3569800
2016-02-16,40.88928985595703,57.65999984741211,57.70000076293945,56.34000015258789,57.0,4095500
2016-02-17,41.22967529296875,58.13999938964844,58.43000030517578,57.56999969482422,57.9900016784668,5210800
2016-02-18,41.555885314941406,58.599998474121094,58.75,57.84000015258789,58.11000061035156,3141200
2016-02-19,41.6409912109375,58.720001220703125,59.13999938964844,58.20000076293945,58.529998779296875,2626300
2016-02-22,41.392784118652344,58.369998931884766,59.09000015258789,58.2599983215332,58.959999084472656,3887400
2016-02-23,41.711910247802734,58.81999969482422,58.91999816894531,58.2599983215332,58.290000915527344,2675300
2016-02-24,41.811187744140625,58.959999084472656,59.0,58.189998626708984,58.529998779296875,2683800
2016-02-25,42.647979736328125,60.13999938964844,60.18000030517578,58.939998626708984,59.040000915527344,3195700
2016-02-26,41.83955383300781,59.0,60.150001525878906,58.68000030517578,60.04999923706055,2774700
2016-02-29,41.73317337036133,58.849998474121094,59.34000015258789,58.65999984741211,58.93000030517578,2804200
2016-03-01,42.101932525634766,59.369998931884766,59.459999084472656,58.900001525878906,59.25,2869900
2016-03-02,42.21540832519531,59.529998779296875,59.540000915527344,58.70000076293945,59.150001525878906,2862700
2016-03-03,42.39977264404297,59.790000915527344,59.84000015258789,59.11000061035156,59.4900016784668,2272600
2016-03-04,42.69052505493164,60.20000076293945,60.2400016784668,59.54999923706055,59.709999084472656,2667300
2016-03-07,42.27922058105469,59.619998931884766,60.0,59.40999984741211,59.79999923706055,2242700
2016-03-08,42.51324462890625,59.95000076293945,60.099998474121094,59.220001220703125,59.33000183105469,3333500
2016-03-09,42.8607177734375,60.439998626708984,60.91999816894531,60.029998779296875,60.11000061035156,3051400
2016-03-10,42.92454147338867,60.529998779296875,60.7400016784668,60.040000915527344,60.59000015258789,2638800
2016-03-11,43.300392150878906,61.060001373291016,61.2599983215332,60.70000076293945,60.88999938964844,2794600
2016-03-14,43.17982482910156,60.88999938964844,61.06999969482422,60.70000076293945,60.9900016784668,1920300
2016-03-15,43.428035736083984,61.2400016784668,61.310001373291016,60.290000915527344,60.63999938964844,2387400
2016-03-16,43.5344123840332,61.38999938964844,61.58000183105469,60.5,61.11000061035156,2458800
2016-03-17,43.81096267700195,61.779998779296875,62.06999969482422,61.29999923706055,61.56999969482422,3229300
2016-03-18,43.81806945800781,61.790000915527344,61.81999969482422,61.36000061035156,61.810001373291016,8676300
2016-03-21,43.47058868408203,61.29999923706055,61.65999984741211,60.9900016784668,61.54999923706055,4670600
2016-03-22,43.108917236328125,60.790000915527344,61.220001220703125,60.59000015258789,61.11000061035156,4229400
2016-03-23,43.26492691040039,61.0099983215332,61.36000061035156,60.13999938964844,60.529998779296875,5265200
2016-03-24,43.513118743896484,61.36000061035156,61.88999938964844,60.66999816894531,60.79999923706055,4916300
2016-03-28,43.88188171386719,61.880001068115234,62.150001525878906,61.45000076293945,61.45000076293945,3444500
2016-03-29,44.63357925415039,62.939998626708984,63.150001525878906,61.79999923706055,61.91999816894531,6390900
2016-03-30,44.89596939086914,63.310001373291016,63.470001220703125,62.560001373291016,63.36000061035156,4861200
2016-03-31,44.924339294433594,63.349998474121094,63.72999954223633,63.209999084472656,63.209999084472656,8874500
2016-04-01,46.0660514831543,64.95999908447266,65.0,62.900001525878906,62.900001525878906,7433900
2016-04-04,46.349708557128906,65.36000061035156,65.37999725341797,64.13999938964844,65.0,6174600
2016-04-05,45.583839416503906,64.27999877929688,65.48999786376953,64.22000122070312,65.37000274658203,4835500
2016-04-06,45.48455810546875,64.13999938964844,64.48999786376953,63.790000915527344,64.41999816894531,5110500
2016-04-07,45.08456039428711,63.119998931884766,63.560001373291016,62.779998779296875,63.13999938964844,4445900
2016-04-08,45.213130950927734,63.29999923706055,63.439998626708984,62.91999816894531,63.20000076293945,3470900
2016-04-11,44.91313934326172,62.880001068115234,63.68000030517578,62.709999084472656,63.41999816894531,3295900
2016-04-12,45.32740783691406,63.459999084472656,63.59000015258789,62.970001220703125,63.119998931884766,3606400
2016-04-13,44.777427673339844,62.689998626708984,63.52000045776367,62.5,63.45000076293945,2559100
2016-04-14,44.36315155029297,62.11000061035156,62.81999969482422,62.060001373291016,62.68000030517578,2687300
2016-04-15,44.60600662231445,62.45000076293945,62.470001220703125,61.95000076293945,62.2400016784668,2960500
2016-04-18,44.663143157958984,62.529998779296875,62.619998931884766,62.11000061035156,62.45000076293945,3185900
2016-04-19,44.556007385253906,62.380001068115234,62.7400016784668,62.040000915527344,62.70000076293945,2135100
2016-04-20,44.02744674682617,61.63999938964844,62.369998931884766,61.599998474121094,62.369998931884766,2464800
2016-04-21,42.941749572753906,60.119998931884766,61.65999984741211,60.099998474121094,61.58000183105469,3570000
2016-04-22,43.256038665771484,60.560001373291016,60.59000015258789,60.040000915527344,60.22999954223633,3207100
2016-04-25,43.63459396362305,61.09000015258789,61.27000045776367,60.349998474121094,60.45000076293945,2258700
2016-04-26,43.36317443847656,60.709999084472656,61.279998779296875,60.58000183105469,61.119998931884766,2164200
2016-04-27,43.66316604614258,61.130001068115234,61.470001220703125,60.56999969482422,60.900001525878906,2685500
2016-04-28,43.75602340698242,61.2599983215332,61.65999984741211,60.38999938964844,60.70000076293945,2166100
2016-04-29,43.81317138671875,61.34000015258789,61.470001220703125,60.88999938964844,61.060001373291016,2703200
2016-05-02,44.44172286987305,62.220001220703125,62.36000061035156,61.52000045776367,61.59000015258789,2848500
2016-05-03,44.034603118896484,61.650001525878906,62.20000076293945,61.470001220703125,61.91999816894531,2731500
2016-05-04,44.09886932373047,61.7400016784668,62.060001373291016,61.209999084472656,61.33000183105469,2648100
2016-05-05,44.34172439575195,62.08000183105469,62.290000915527344,61.779998779296875,61.79999923706055,3084800
2016-05-06,44.36315155029297,62.11000061035156,62.27000045776367,61.459999084472656,62.06999969482422,2271900
2016-05-09,44.80599594116211,62.72999954223633,62.880001068115234,62.0,62.209999084472656,2418900
2016-05-10,45.520263671875,63.72999954223633,63.79999923706055,62.72999954223633,62.880001068115234,3245700
2016-05-11,45.72026062011719,64.01000213623047,64.37000274658203,63.70000076293945,63.72999954223633,3449800
2016-05-12,46.22739791870117,64.72000122070312,64.77999877929688,64.08000183105469,64.12999725341797,2563800
2016-05-13,46.084529876708984,64.5199966430664,65.11000061035156,64.16999816894531,64.61000061035156,2763800
2016-05-16,46.12024688720703,64.56999969482422,64.79000091552734,64.2300033569336,64.38999938964844,2274800
2016-05-17,44.99170684814453,62.9900016784668,64.43000030517578,62.7400016784668,64.30000305175781,3497200
2016-05-18,44.56314468383789,62.38999938964844,62.81999969482422,61.93000030517578,62.720001220703125,3023600
2016-05-19,44.94170379638672,62.91999816894531,62.95000076293945,62.060001373291016,62.279998779296875,2577100
2016-05-20,44.60600662231445,62.45000076293945,62.90999984741211,62.279998779296875,62.90999984741211,3313300
2016-05-23,44.78458023071289,62.70000076293945,63.029998779296875,62.4900016784668,62.54999923706055,2127200
2016-05-24,44.57029724121094,62.400001525878906,62.720001220703125,61.599998474121094,61.689998626708984,4197400
2016-05-25,44.54171371459961,62.36000061035156,62.75,62.20000076293945,62.5099983215332,2631400
2016-05-26,44.9059944152832,62.869998931884766,63.119998931884766,62.41999816894531,62.529998779296875,1776300
2016-05-27,44.9059944152832,62.869998931884766,63.22999954223633,62.650001525878906,62.709999084472656,1634100
2016-05-31,44.84172058105469,62.779998779296875,63.349998474121094,62.54999923706055,62.959999084472656,3160700
2016-06-01,45.12028121948242,63.16999816894531,63.33000183105469,62.650001525878906,62.77000045776367,2538500
2016-06-02,45.16313934326172,63.22999954223633,63.2599983215332,62.84000015258789,63.06999969482422,1593600
2016-06-03,45.4916877746582,63.689998626708984,63.84000015258789,63.189998626708984,63.20000076293945,1979900
2016-06-06,45.41313552856445,63.58000183105469,63.88999938964844,63.27000045776367,63.65999984741211,1649200
2016-06-07,45.72740936279297,64.0199966430664,64.16999816894531,63.630001068115234,63.68000030517578,2000500
2016-06-08,46.01311492919922,64.41999816894531,64.48999786376953,63.83000183105469,64.0,2323200
2016-06-09,46.670230865478516,65.33999633789062,65.38999938964844,64.3499984741211,64.43000030517578,2460600
2016-06-10,46.72023391723633,65.41000366210938,65.5,65.01000213623047,65.05999755859375,2677100
2016-06-13,46.32025909423828,64.8499984741211,65.48999786376953,64.7300033569336,65.0199966430664,2400100
2016-06-14,46.45595169067383,65.04000091552734,65.12999725341797,64.29000091552734,64.63999938964844,2671400
2016-06-15,46.348812103271484,64.88999938964844,65.25,64.70999908447266,64.97000122070312,2042400
2016-06-16,46.98451232910156,65.77999877929688,65.79000091552734,64.7699966430664,64.83999633789062,2147100
2016-06-17,47.005943298339844,65.80999755859375,65.81999969482422,65.08999633789062,65.62999725341797,3331300
2016-06-20,47.055946350097656,65.87999725341797,66.41000366210938,65.87000274658203,65.97000122070312,2321600
2016-06-21,47.51307678222656,66.5199966430664,66.66000366210938,65.98999786376953,66.06999969482422,3132800
2016-06-22,47.4273681640625,66.4000015258789,66.79000091552734,66.19999694824219,66.58999633789062,2630200
2016-06-23,47.69163131713867,66.7699966430664,66.87999725341797,66.26000213623047,66.75,2107800
2016-06-24,47.24165344238281,66.13999938964844,66.8499984741211,65.41000366210938,65.66000366210938,4836000
2016-06-27,47.27737808227539,66.19000244140625,66.4000015258789,65.62999725341797,65.83000183105469,4252300
2016-06-28,46.97023391723633,65.76000213623047,66.25,65.16000366210938,66.25,4961400
2016-06-29,48.470191955566406,67.86000061035156,67.91000366210938,65.63999938964844,66.16999816894531,7759700
2016-06-30,50.94154739379883,71.31999969482422,71.77999877929688,68.0,68.0,12380000
2016-07-01,51.38440704345703,71.94000244140625,72.19000244140625,70.86000061035156,71.19000244140625,6075900
2016-07-05,51.50582504272461,72.11000061035156,72.66000366210938,71.7300033569336,71.87999725341797,4806000
2016-07-06,51.82723617553711,72.55999755859375,72.94999694824219,71.86000061035156,72.2699966430664,7086800
2016-07-07,51.78410720825195,72.0199966430664,72.7699966430664,71.7699966430664,72.44000244140625,4383900
2016-07-08,52.10049057006836,72.45999908447266,72.4800033569336,71.55999755859375,72.38999938964844,4234100
2016-07-11,51.63310623168945,71.80999755859375,72.30000305175781,71.69999694824219,72.2699966430664,3559900
2016-07-12,51.35270690917969,71.41999816894531,71.80999755859375,71.12000274658203,71.47000122070312,3486500
2016-07-13,51.72659683227539,71.94000244140625,71.97000122070312,71.36000061035156,71.48999786376953,2852100
2016-07-14,51.83443832397461,72.08999633789062,72.31999969482422,71.68000030517578,71.69000244140625,2689500
2016-07-15,51.78410720825195,72.0199966430664,72.27999877929688,71.8499984741211,72.25,2848900
2016-07-18,51.97105407714844,72.27999877929688,72.4000015258789,71.97000122070312,72.19000244140625,2217100
2016-07-19,52.22990798950195,72.63999938964844,72.66000366210938,72.0,72.20999908447266,1996200
2016-07-20,51.55404281616211,71.69999694824219,72.69999694824219,71.63999938964844,72.6500015258789,2841000
2016-07-21,51.20171356201172,71.20999908447266,71.72000122070312,70.98999786376953,71.70999908447266,3008800
2016-07-22,51.208885192871094,71.22000122070312,71.63999938964844,71.06999969482422,71.44000244140625,3079200
2016-07-25,51.54683303833008,71.69000244140625,71.72000122070312,71.1500015258789,71.20999908447266,2574700
2016-07-26,51.25203323364258,71.27999877929688,72.51000213623047,71.19000244140625,71.6500015258789,2592100
2016-07-27,50.72713851928711,70.55000305175781,71.58999633789062,70.4000015258789,71.4800033569336,4578300
2016-07-28,51.29517364501953,71.33999633789062,71.44000244140625,70.5,70.51000213623047,2724500
2016-07-29,51.69063949584961,71.88999938964844,72.22000122070312,71.16999816894531,71.19000244140625,2728800
2016-08-01,51.503684997558594,71.62999725341797,72.1500015258789,71.4000015258789,71.9800033569336,3417600
2016-08-02,51.02913284301758,70.97000122070312,71.72000122070312,70.81999969482422,71.55000305175781,4370300
2016-08-03,50.17349624633789,69.77999877929688,71.13999938964844,69.2300033569336,71.12000274658203,5387400
2016-08-04,50.68400192260742,70.48999786376953,70.51000213623047,69.91999816894531,70.0,4234700
2016-08-05,50.72713851928711,70.55000305175781,70.80000305175781,70.30000305175781,70.5,2539200
2016-08-08,50.784664154052734,70.62999725341797,70.87999725341797,70.1500015258789,70.48999786376953,2428700
2016-08-09,51.00038146972656,70.93000030517578,71.05999755859375,70.52999877929688,70.75,2333000
2016-08-10,51.09385681152344,71.05999755859375,71.30000305175781,70.83000183105469,70.95999908447266,2189600
2016-08-11,51.10102844238281,71.06999969482422,71.27999877929688,70.86000061035156,71.0999984741211,2212700
2016-08-12,51.17293167114258,71.16999816894531,71.44999694824219,71.01000213623047,71.16000366210938,1871300
2016-08-15,51.079471588134766,71.04000091552734,71.16999816894531,70.77999877929688,71.02999877929688,2096200
2016-08-16,50.69118118286133,70.5,70.98999786376953,70.37000274658203,70.56999969482422,2642300
2016-08-17,50.73433303833008,70.55999755859375,70.87000274658203,70.22000122070312,70.51000213623047,3923300
2016-08-18,51.244842529296875,71.2699966430664,71.4000015258789,70.51000213623047,70.55999755859375,2517000
2016-08-19,51.37425994873047,71.44999694824219,71.5,70.91999816894531,71.26000213623047,2543700
2016-08-22,51.453346252441406,71.55999755859375,71.81999969482422,71.2699966430664,71.52999877929688,2277400
2016-08-23,51.12260055541992,71.0999984741211,71.62999725341797,70.93000030517578,71.55999755859375,2270300
2016-08-24,51.050697326660156,71.0,71.05999755859375,70.45999908447266,71.0,2494700
2016-08-25,51.33113098144531,71.38999938964844,71.95999908447266,70.76000213623047,70.81999969482422,3197300
2016-08-26,50.957237243652344,70.87000274658203,71.68000030517578,70.69000244140625,71.33999633789062,1975300
2016-08-29,51.35270690917969,71.41999816894531,71.56999969482422,70.98999786376953,70.98999786376953,2489600
2016-08-30,50.69838333129883,70.51000213623047,71.58000183105469,70.3499984741211,71.38999938964844,4402700
2016-08-31,50.921268463134766,70.81999969482422,70.91000366210938,70.37999725341797,70.55999755859375,3776200
2016-09-01,50.41077423095703,70.11000061035156,70.80000305175781,69.66000366210938,70.66999816894531,4253500
2016-09-02,51.007564544677734,70.94000244140625,71.12000274658203,70.44999694824219,70.56999969482422,2446600
2016-09-06,50.978797912597656,70.9000015258789,71.33000183105469,70.36000061035156,71.04000091552734,3566500
2016-09-07,48.78578567504883,67.8499984741211,70.63999938964844,67.61000061035156,70.44999694824219,6769900
2016-09-08,48.51254653930664,67.47000122070312,68.06999969482422,67.30999755859375,67.5999984741211,4110500
2016-09-09,46.772518157958984,65.05000305175781,66.9800033569336,65.05000305175781,66.97000122070312,6391300
2016-09-12,47.656898498535156,66.27999877929688,66.41999816894531,65.0,65.0,4290800
2016-09-13,47.1679801940918,65.5999984741211,66.52999877929688,65.55000305175781,66.48999786376953,3536400
2016-09-14,47.081695556640625,65.4800033569336,66.01000213623047,65.20999908447266,65.80999755859375,3010700
2016-09-15,47.12483596801758,65.54000091552734,65.72000122070312,65.13999938964844,65.22000122070312,2821300
2016-09-16,46.87318801879883,65.19000244140625,65.45999908447266,64.83000183105469,65.26000213623047,3705300
2016-09-19,46.88754653930664,65.20999908447266,65.51000213623047,64.95999908447266,65.05000305175781,2546000
2016-09-20,46.520851135253906,64.69999694824219,65.4000015258789,64.66000366210938,65.19999694824219,3527600
2016-09-21,46.92351150512695,65.26000213623047,65.37000274658203,63.150001525878906,64.05999755859375,5468900
2016-09-22,46.77968978881836,65.05999755859375,65.56999969482422,64.79000091552734,65.26000213623047,4140200
2016-09-23,46.48489761352539,64.6500015258789,65.23999786376953,64.6500015258789,64.88999938964844,3252600
2016-09-26,45.945640563964844,63.900001525878906,64.4800033569336,63.79999923706055,64.44999694824219,3176500
2016-09-27,45.960018157958984,63.91999816894531,64.08000183105469,63.560001373291016,64.05999755859375,2693100
2016-09-28,46.07505798339844,64.08000183105469,64.19000244140625,63.7599983215332,64.1500015258789,2474900
2016-09-29,45.773067474365234,63.65999984741211,64.38999938964844,63.650001525878906,64.05000305175781,3006600
2016-09-30,45.931251525878906,63.880001068115234,64.18000030517578,63.689998626708984,63.91999816894531,3328400
2016-10-03,45.931251525878906,63.880001068115234,64.0199966430664,63.380001068115234,63.7599983215332,2758800
2016-10-04,45.33445739746094,63.04999923706055,63.91999816894531,62.88999938964844,63.86000061035156,3618000
2016-10-05,45.182315826416016,62.36000061035156,62.880001068115234,62.029998779296875,62.61000061035156,5118100
2016-10-06,45.22578048706055,62.41999816894531,62.650001525878906,62.02000045776367,62.15999984741211,3091400
2016-10-07,45.01565933227539,62.130001068115234,62.59000015258789,61.63999938964844,62.400001525878906,2759300
2016-10-10,45.24026870727539,62.439998626708984,62.77000045776367,62.16999816894531,62.45000076293945,2847000
2016-10-11,44.8852424621582,61.95000076293945,62.380001068115234,61.709999084472656,62.279998779296875,3007500
2016-10-12,45.01565933227539,62.130001068115234,62.310001373291016,61.88999938964844,62.16999816894531,2832500
2016-10-13,45.08086395263672,62.220001220703125,62.2599983215332,61.68000030517578,61.7599983215332,2683200
2016-10-14,44.76206588745117,61.779998779296875,62.47999954223633,61.72999954223633,62.41999816894531,3337200
2016-10-17,44.75483703613281,61.77000045776367,62.47999954223633,61.709999084472656,62.47999954223633,3404100
2016-10-18,44.85626983642578,61.90999984741211,62.25,61.72999954223633,62.2400016784668,5041300
2016-10-19,44.609920501708984,61.56999969482422,61.95000076293945,61.34000015258789,61.95000076293945,4423300
2016-10-20,44.196929931640625,61.0,61.560001373291016,60.939998626708984,61.560001373291016,4403100
2016-10-21,43.98681640625,60.709999084472656,60.91999816894531,60.439998626708984,60.790000915527344,3710000
2016-10-24,44.11723709106445,60.88999938964844,61.2400016784668,60.58000183105469,60.9900016784668,3040500
2016-10-25,44.26939392089844,61.099998474121094,61.13999938964844,60.849998474121094,60.970001220703125,2012000
2016-10-26,44.08100891113281,60.84000015258789,61.31999969482422,60.77000045776367,61.20000076293945,1852600
2016-10-27,43.99406051635742,60.720001220703125,61.220001220703125,60.630001068115234,61.0099983215332,2277500
2016-10-28,44.67512512207031,61.65999984741211,61.849998474121094,60.790000915527344,60.84000015258789,2750100
2016-10-31,44.906982421875,61.97999954223633,62.02000045776367,61.5,61.70000076293945,2745300
2016-11-01,44.65339660644531,61.630001068115234,62.189998626708984,61.38999938964844,62.15999984741211,3449700
2016-11-02,44.472259521484375,61.380001068115234,61.90999984741211,61.36000061035156,61.619998931884766,2889600
2016-11-03,44.283878326416016,61.119998931884766,61.66999816894531,61.04999923706055,61.36000061035156,2317100
2016-11-04,43.94335174560547,60.650001525878906,61.209999084472656,60.650001525878906,61.04999923706055,2578300
2016-11-07,44.79830551147461,61.83000183105469,61.939998626708984,60.90999984741211,61.029998779296875,3173900
2016-11-08,46.16044235229492,63.709999084472656,63.93000030517578,61.84000015258789,61.86000061035156,4599900
2016-11-09,45.457637786865234,62.7400016784668,62.95000076293945,61.16999816894531,62.41999816894531,4893200
2016-11-10,44.247642517089844,61.06999969482422,62.5099983215332,60.810001373291016,62.41999816894531,6338200
2016-11-11,44.225921630859375,61.040000915527344,61.650001525878906,60.54999923706055,61.09000015258789,3329700
2016-11-14,44.34183883666992,61.20000076293945,61.470001220703125,60.65999984741211,60.93000030517578,3466500
2016-11-15,44.4142951965332,61.29999923706055,61.619998931884766,61.0,61.470001220703125,3852400
2016-11-16,44.385318756103516,61.2599983215332,61.720001220703125,61.060001373291016,61.33000183105469,3284300
2016-11-17,44.457763671875,61.36000061035156,61.689998626708984,60.970001220703125,61.31999969482422,2902900
2016-11-18,44.385318756103516,61.2599983215332,61.630001068115234,60.97999954223633,61.36000061035156,2227900
2016-11-21,44.65339660644531,61.630001068115234,61.779998779296875,60.95000076293945,61.2599983215332,2392800
2016-11-22,45.41415786743164,62.68000030517578,62.79999923706055,61.91999816894531,61.93000030517578,2739500
2016-11-23,44.54471206665039,61.47999954223633,62.75,61.38999938964844,62.41999816894531,2557400
2016-11-25,45.13884735107422,62.29999923706055,62.29999923706055,61.7400016784668,61.7400016784668,1069500
2016-11-28,44.97944259643555,62.08000183105469,62.380001068115234,61.880001068115234,62.119998931884766,2206300
2016-11-29,45.3996696472168,62.65999984741211,62.810001373291016,61.790000915527344,62.25,3143600
2016-11-30,44.15346908569336,60.939998626708984,62.400001525878906,60.90999984741211,62.33000183105469,5940000
2016-12-01,43.89988327026367,60.59000015258789,60.91999816894531,60.369998931884766,60.91999816894531,3215100
2016-12-02,44.15346908569336,60.939998626708984,61.189998626708984,60.58000183105469,60.790000915527344,2349200
2016-12-05,44.29111862182617,61.130001068115234,61.15999984741211,60.83000183105469,61.0,2133000
2016-12-06,44.21866989135742,61.029998779296875,61.380001068115234,60.79999923706055,61.18000030517578,1821400
2016-12-07,45.63876724243164,62.9900016784668,63.27000045776367,61.2400016784668,61.2400016784668,3564600
2016-12-08,45.269264221191406,62.47999954223633,62.77000045776367,62.130001068115234,62.70000076293945,2646200
2016-12-09,45.79092025756836,63.20000076293945,63.220001220703125,62.36000061035156,62.560001373291016,1938500
2016-12-12,46.27635955810547,63.869998931884766,63.91999816894531,63.04999923706055,63.04999923706055,1802600
2016-12-13,46.18217468261719,63.7400016784668,64.02999877929688,63.470001220703125,63.849998474121094,3113000
2016-12-14,45.55183410644531,62.869998931884766,64.05999755859375,62.66999816894531,63.900001525878906,2594100
2016-12-15,45.51559829711914,62.81999969482422,62.970001220703125,61.91999816894531,62.06999969482422,2963700
2016-12-16,46.0082893371582,63.5,63.66999816894531,62.880001068115234,62.880001068115234,3883900
2016-12-19,45.68947982788086,63.060001373291016,63.7400016784668,62.90999984741211,63.7400016784668,2913300
2016-12-20,44.52297592163086,61.45000076293945,62.189998626708984,60.52000045776367,61.060001373291016,6168100
2016-12-21,45.204044342041016,62.38999938964844,62.95000076293945,61.400001525878906,61.41999816894531,4290200
2016-12-22,45.254764556884766,62.459999084472656,62.52000045776367,62.02000045776367,62.279998779296875,2645300
2016-12-23,45.03740692138672,62.15999984741211,62.470001220703125,61.869998931884766,62.459999084472656,1460100
2016-12-27,45.0663948059082,62.20000076293945,62.43000030517578,61.970001220703125,62.31999969482422,1599700
2016-12-28,44.84178161621094,61.88999938964844,62.5,61.66999816894531,62.11000061035156,1701700
2016-12-29,45.182315826416016,62.36000061035156,62.41999816894531,61.66999816894531,61.709999084472656,1483300
2016-12-30,44.75483703613281,61.77000045776367,62.470001220703125,61.58000183105469,62.369998931884766,1937700
2017-01-03,44.9866828918457,62.09000015258789,62.2400016784668,61.36000061035156,62.09000015258789,2327900
2017-01-04,44.972190856933594,62.06999969482422,62.560001373291016,61.95000076293945,62.04999923706055,2137200
2017-01-05,45.10261917114258,62.25,62.470001220703125,61.709999084472656,62.0,2558500
2017-01-06,44.88356018066406,61.470001220703125,61.81999969482422,61.36000061035156,61.720001220703125,2282000
2017-01-09,44.21909713745117,60.560001373291016,61.560001373291016,60.52000045776367,61.36000061035156,3408900
2017-01-10,44.138771057128906,60.45000076293945,60.72999954223633,60.27000045776367,60.599998474121094,3244300
2017-01-11,44.52577209472656,60.97999954223633,61.11000061035156,60.310001373291016,60.45000076293945,3374000
2017-01-12,44.73752212524414,61.27000045776367,61.880001068115234,60.86000061035156,60.91999816894531,2961800
2017-01-13,44.598785400390625,61.08000183105469,61.470001220703125,60.93000030517578,61.209999084472656,1853800
2017-01-17,45.255950927734375,61.97999954223633,62.060001373291016,60.959999084472656,60.959999084472656,2775100
2017-01-18,45.328956604003906,62.08000183105469,62.279998779296875,61.81999969482422,61.880001068115234,2116400
2017-01-19,45.01499557495117,61.650001525878906,62.130001068115234,61.619998931884766,62.11000061035156,2421500
2017-01-20,45.57721710205078,62.41999816894531,62.720001220703125,61.91999816894531,62.0,3104000
2017-01-23,45.35816955566406,62.119998931884766,62.349998474121094,61.54999923706055,62.189998626708984,2837400
2017-01-24,45.759765625,62.66999816894531,62.88999938964844,62.060001373291016,62.06999969482422,2632500
2017-01-25,46.008018493652344,63.0099983215332,63.11000061035156,62.41999816894531,62.84000015258789,2681400
2017-01-26,45.78166198730469,62.70000076293945,63.040000915527344,62.41999816894531,62.88999938964844,1957100
2017-01-27,45.79627227783203,62.720001220703125,62.86000061035156,62.279998779296875,62.75,1845100
2017-01-30,45.70864486694336,62.599998474121094,62.939998626708984,62.33000183105469,62.560001373291016,1692300
2017-01-31,45.621036529541016,62.47999954223633,62.95000076293945,62.31999969482422,62.599998474121094,3543600
2017-02-01,44.81055450439453,61.369998931884766,62.45000076293945,61.36000061035156,62.31999969482422,2644100
2017-02-02,45.06609344482422,61.720001220703125,62.02000045776367,61.5,61.63999938964844,2167900
2017-02-03,45.80356979370117,62.72999954223633,62.9900016784668,61.869998931884766,62.130001068115234,2532400
2017-02-06,44.861656188964844,61.439998626708984,62.61000061035156,61.400001525878906,62.540000915527344,2335600
2017-02-07,45.13912582397461,61.81999969482422,61.88999938964844,61.52000045776367,61.68000030517578,1622800
2017-02-08,45.431182861328125,62.220001220703125,62.33000183105469,61.630001068115234,61.7400016784668,1682200
2017-02-09,46.04452896118164,63.060001373291016,63.22999954223633,62.0099983215332,62.220001220703125,2509300
2017-02-10,45.825477600097656,62.7599983215332,63.34000015258789,62.630001068115234,62.86000061035156,1977900
2017-02-13,45.9203987121582,62.88999938964844,63.029998779296875,62.439998626708984,62.77000045776367,1843600
2017-02-14,46.066429138183594,63.09000015258789,63.72999954223633,62.540000915527344,62.810001373291016,3639700
2017-02-15,46.13944625854492,63.189998626708984,63.349998474121094,62.0099983215332,62.68000030517578,2651400
2017-02-16,44.934669494628906,61.540000915527344,63.27000045776367,61.38999938964844,63.06999969482422,6019600
2017-02-17,43.24797439575195,59.22999954223633,60.18000030517578,58.70000076293945,58.88999938964844,11680900
2017-02-21,44.55498504638672,61.02000045776367,61.59000015258789,60.029998779296875,60.91999816894531,7527700
2017-02-22,44.24100112915039,60.59000015258789,60.9900016784668,60.2400016784668,60.75,3327000
2017-02-23,44.37974548339844,60.779998779296875,60.97999954223633,60.459999084472656,60.88999938964844,2499900
2017-02-24,44.81055450439453,61.369998931884766,61.380001068115234,60.7599983215332,60.83000183105469,2594300
2017-02-27,43.76639175415039,59.939998626708984,61.11000061035156,59.790000915527344,61.11000061035156,3803800
2017-02-28,44.08037185668945,60.369998931884766,60.65999984741211,59.9900016784668,60.08000183105469,3654100
2017-03-01,44.21179962158203,60.54999923706055,60.939998626708984,60.099998474121094,60.779998779296875,3178700
2017-03-02,44.474666595458984,60.90999984741211,60.970001220703125,60.34000015258789,60.599998474121094,3826700
2017-03-03,44.343231201171875,60.72999954223633,61.0,60.5,60.97999954223633,1891300
2017-03-06,44.124176025390625,60.43000030517578,60.630001068115234,60.099998474121094,60.459999084472656,2246100
2017-03-07,43.99275207519531,60.25,60.900001525878906,60.20000076293945,60.4900016784668,2282400
2017-03-08,43.86132049560547,60.06999969482422,60.36000061035156,59.95000076293945,60.29999923706055,2114800
2017-03-09,44.27021789550781,60.630001068115234,60.68000030517578,60.0,60.25,2272100
2017-03-10,44.226402282714844,60.56999969482422,61.099998474121094,60.5,60.90999984741211,2745300
2017-03-13,44.18990707397461,60.52000045776367,60.560001373291016,60.150001525878906,60.470001220703125,2988300
2017-03-14,44.14609146118164,60.459999084472656,60.59000015258789,60.2599983215332,60.52000045776367,1710500
2017-03-15,44.657203674316406,61.15999984741211,61.34000015258789,60.38999938964844,60.43000030517578,4713100
2017-03-16,44.40163803100586,60.810001373291016,61.150001525878906,60.5099983215332,60.9900016784668,4250100
2017-03-17,44.292118072509766,60.65999984741211,61.150001525878906,60.630001068115234,61.06999969482422,10957800
2017-03-20,44.00004959106445,60.2599983215332,60.95000076293945,60.2599983215332,60.77000045776367,4817600
2017-03-21,43.63496398925781,59.7599983215332,60.75,59.5099983215332,59.65999984741211,5442300
2017-03-22,43.036231994628906,58.939998626708984,59.599998474121094,58.59000015258789,59.47999954223633,5135300
2017-03-23,43.35021209716797,59.369998931884766,59.70000076293945,58.90999984741211,58.90999984741211,2982100
2017-03-24,43.196868896484375,59.15999984741211,59.75,59.0099983215332,59.63999938964844,3070900
2017-03-27,42.92670440673828,58.790000915527344,59.290000915527344,58.7599983215332,59.0099983215332,3263800
2017-03-28,43.08733367919922,59.0099983215332,59.220001220703125,58.61000061035156,58.77000045776367,2517900
2017-03-29,43.401309967041016,59.439998626708984,59.529998779296875,58.959999084472656,59.18000030517578,2505500
2017-03-30,43.13114547729492,59.06999969482422,59.54999923706055,59.029998779296875,59.40999984741211,1936200
2017-03-31,43.08733367919922,59.0099983215332,59.45000076293945,59.0,59.099998474121094,2506800
2017-04-03,42.75146484375,58.54999923706055,59.220001220703125,58.380001068115234,59.04999923706055,3398400
2017-04-04,42.62733840942383,58.380001068115234,58.84000015258789,58.099998474121094,58.59000015258789,3430300
2017-04-05,42.53240966796875,58.25,58.84000015258789,58.25,58.439998626708984,3185000
2017-04-06,42.473514556884766,57.689998626708984,58.029998779296875,57.5,57.88999938964844,3471100
2017-04-07,42.44406509399414,57.650001525878906,57.90999984741211,57.619998931884766,57.81999969482422,2217200
2017-04-10,42.34834671020508,57.52000045776367,57.880001068115234,57.45000076293945,57.68000030517578,2483400
2017-04-11,42.27472686767578,57.41999816894531,57.61000061035156,57.13999938964844,57.470001220703125,2494700
2017-04-12,42.392520904541016,57.58000183105469,57.81999969482422,57.2400016784668,57.25,3230500
2017-04-13,42.09065628051758,57.16999816894531,57.79999923706055,57.16999816894531,57.529998779296875,2226400
2017-04-17,42.40726089477539,57.599998474121094,57.720001220703125,57.20000076293945,57.2599983215332,2333100
2017-04-18,42.819541931152344,58.15999984741211,58.599998474121094,57.599998474121094,57.70000076293945,3223700
2017-04-19,42.583946228027344,57.84000015258789,58.40999984741211,57.689998626708984,58.20000076293945,2464100
2017-04-20,42.613399505615234,57.880001068115234,58.130001068115234,57.459999084472656,57.849998474121094,2967000
2017-04-21,42.502960205078125,57.72999954223633,58.04999923706055,57.630001068115234,57.83000183105469,2219700
2017-04-24,42.80482482910156,58.13999938964844,58.27000045776367,57.88999938964844,58.029998779296875,2638900
2017-04-25,42.878448486328125,58.2400016784668,58.36000061035156,58.02000045776367,58.16999816894531,2549800
2017-04-26,42.613399505615234,57.880001068115234,58.33000183105469,57.75,58.290000915527344,2401900
2017-04-27,42.267372131347656,57.40999984741211,58.060001373291016,57.33000183105469,58.040000915527344,2393000
2017-04-28,42.34099197387695,57.5099983215332,57.560001373291016,57.13999938964844,57.5,3564900
2017-05-01,41.671016693115234,56.599998474121094,57.63999938964844,56.59000015258789,57.560001373291016,3035900
2017-05-02,41.170372009277344,55.91999816894531,56.900001525878906,55.79999923706055,56.900001525878906,4419900
2017-05-03,41.266075134277344,56.04999923706055,56.2400016784668,55.66999816894531,55.9900016784668,3473900
2017-05-04,42.002315521240234,57.04999923706055,60.209999084472656,55.959999084472656,56.11000061035156,19747400
2017-05-05,42.18638229370117,57.29999923706055,57.45000076293945,57.060001373291016,57.33000183105469,3745900
2017-05-08,42.260005950927734,57.400001525878906,57.7400016784668,57.09000015258789,57.369998931884766,2982400
2017-05-09,41.50168228149414,56.369998931884766,57.4900016784668,56.130001068115234,57.400001525878906,4154600
2017-05-10,41.479591369628906,56.34000015258789,56.54999923706055,56.209999084472656,56.369998931884766,3914500
2017-05-11,41.42068862915039,56.2599983215332,56.439998626708984,55.88999938964844,56.400001525878906,3963700
2017-05-12,41.413326263427734,56.25,56.31999969482422,56.08000183105469,56.15999984741211,2316200
2017-05-15,41.494319915771484,56.36000061035156,56.59000015258789,56.18000030517578,56.31999969482422,2239100
2017-05-16,41.295536041259766,56.09000015258789,56.45000076293945,56.029998779296875,56.439998626708984,2303400
2017-05-17,41.25135040283203,56.029998779296875,56.290000915527344,55.56999969482422,56.09000015258789,2786700
2017-05-18,41.16301345825195,55.90999984741211,56.15999984741211,55.75,56.0,3304400
2017-05-19,41.39860153198242,56.22999954223633,56.33000183105469,55.630001068115234,55.91999816894531,3748600
2017-05-22,41.75201416015625,56.709999084472656,56.86000061035156,56.09000015258789,56.09000015258789,3703000
2017-05-23,41.7372932434082,56.689998626708984,56.970001220703125,56.56999969482422,56.720001220703125,2544200
2017-05-24,41.89923858642578,56.90999984741211,56.95000076293945,56.560001373291016,56.68000030517578,2388300
2017-05-25,41.84033966064453,56.83000183105469,57.02000045776367,56.689998626708984,56.88999938964844,2115500
2017-05-26,42.20110321044922,57.31999969482422,57.31999969482422,56.77000045776367,56.970001220703125,2920400
2017-05-30,41.648921966552734,56.56999969482422,57.11000061035156,56.2599983215332,57.06999969482422,5513700
2017-05-31,41.774085998535156,56.7400016784668,57.029998779296875,56.43000030517578,56.5,6567500
2017-06-01,42.37043762207031,57.54999923706055,57.54999923706055,56.619998931884766,56.88999938964844,3283900
2017-06-02,42.37043762207031,57.54999923706055,57.720001220703125,57.2400016784668,57.689998626708984,3544900
2017-06-05,42.289459228515625,57.439998626708984,57.59000015258789,57.09000015258789,57.470001220703125,2734200
2017-06-06,42.355712890625,57.529998779296875,57.720001220703125,57.20000076293945,57.43000030517578,3384200
2017-06-07,42.48086166381836,57.70000076293945,57.83000183105469,57.349998474121094,57.599998474121094,3034700
2017-06-08,42.11275100708008,57.20000076293945,57.83000183105469,57.16999816894531,57.70000076293945,3650800
2017-06-09,42.031768798828125,57.09000015258789,57.459999084472656,56.86000061035156,57.06999969482422,2866000
2017-06-12,42.142208099365234,57.2400016784668,57.599998474121094,56.959999084472656,57.09000015258789,3851800
2017-06-13,42.826904296875,58.16999816894531,58.279998779296875,56.709999084472656,57.22999954223633,4012700
2017-06-14,43.25392150878906,58.75,59.58000183105469,58.29999923706055,58.36000061035156,6702700
2017-06-15,43.31282043457031,58.83000183105469,58.939998626708984,58.36000061035156,58.7400016784668,4683600
2017-06-16,42.03913497924805,57.099998474121094,58.790000915527344,56.68000030517578,58.61000061035156,7376700
2017-06-19,42.05385971069336,57.119998931884766,57.31999969482422,56.70000076293945,57.310001373291016,3401000
2017-06-20,41.774085998535156,56.7400016784668,57.27000045776367,56.72999954223633,57.18000030517578,2313700
2017-06-21,41.38387680053711,56.209999084472656,56.95000076293945,56.09000015258789,56.83000183105469,2691100
2017-06-22,41.229278564453125,56.0,56.439998626708984,55.900001525878906,56.15999984741211,3037500
2017-06-23,41.185081481933594,55.939998626708984,56.189998626708984,55.7599983215332,55.939998626708984,5621900
2017-06-26,41.354434967041016,56.16999816894531,56.459999084472656,55.880001068115234,56.0099983215332,3095100
2017-06-27,40.87587356567383,55.52000045776367,56.349998474121094,55.5099983215332,56.02000045776367,4248800
2017-06-28,41.53847885131836,56.41999816894531,57.790000915527344,56.31999969482422,56.869998931884766,6688600
2017-06-29,40.470943450927734,54.970001220703125,56.45000076293945,54.88999938964844,56.400001525878906,6560700
2017-06-30,40.78752517700195,55.400001525878906,55.77000045776367,55.029998779296875,55.11000061035156,4250800
2017-07-03,40.62555694580078,55.18000030517578,55.5,55.099998474121094,55.290000915527344,2083100
2017-07-05,40.3531494140625,54.810001373291016,55.56999969482422,54.810001373291016,55.22999954223633,4845500
2017-07-06,39.98170852661133,53.81999969482422,54.45000076293945,53.7599983215332,54.209999084472656,5105600
2017-07-07,39.84055709838867,53.630001068115234,53.959999084472656,53.54999923706055,53.869998931884766,3825200
2017-07-10,39.669700622558594,53.400001525878906,53.779998779296875,53.310001373291016,53.72999954223633,3209300
2017-07-11,39.766273498535156,53.529998779296875,54.0099983215332,53.2400016784668,53.290000915527344,7055300
2017-07-12,39.69941711425781,53.439998626708984,54.099998474121094,53.40999984741211,53.880001068115234,3962400
2017-07-13,39.58055114746094,53.279998779296875,53.560001373291016,53.2400016784668,53.40999984741211,3247000
2017-07-14,39.922279357910156,53.7400016784668,53.86000061035156,53.400001525878906,53.400001525878906,2853600
2017-07-17,40.22685623168945,54.150001525878906,54.29999923706055,53.61000061035156,53.650001525878906,7040800
2017-07-18,39.87027359008789,53.66999816894531,54.15999984741211,53.61000061035156,54.11000061035156,3985800
2017-07-19,40.00398635864258,53.849998474121094,54.029998779296875,53.54999923706055,53.599998474121094,2880200
2017-07-20,40.24170684814453,54.16999816894531,54.189998626708984,53.5099983215332,53.939998626708984,3947500
2017-07-21,40.37542724609375,54.349998474121094,54.43000030517578,53.90999984741211,54.08000183105469,3664500
2017-07-24,40.47200012207031,54.47999954223633,54.779998779296875,54.20000076293945,54.34000015258789,4570000
2017-07-25,40.94744873046875,55.119998931884766,55.31999969482422,54.61000061035156,54.63999938964844,3129100
2017-07-26,40.954891204833984,55.130001068115234,55.22999954223633,54.779998779296875,55.08000183105469,3402100
2017-07-27,41.22230911254883,55.4900016784668,55.529998779296875,54.83000183105469,55.06999969482422,3837200
2017-07-28,41.10346221923828,55.33000183105469,55.529998779296875,55.09000015258789,55.45000076293945,2409500
2017-07-31,41.34860610961914,55.65999984741211,55.869998931884766,55.209999084472656,55.310001373291016,3782800
2017-08-01,41.006874084472656,55.20000076293945,55.66999816894531,54.970001220703125,55.63999938964844,3727900
2017-08-02,41.65318298339844,56.06999969482422,56.790000915527344,54.720001220703125,55.209999084472656,6152900
2017-08-03,41.76461410522461,56.220001220703125,56.5099983215332,56.02000045776367,56.08000183105469,3970600
2017-08-04,41.72747039794922,56.16999816894531,56.61000061035156,55.95000076293945,56.29999923706055,5578300
2017-08-07,41.88347625732422,56.380001068115234,56.54999923706055,56.029998779296875,56.18000030517578,3412600
2017-08-08,41.4377555847168,55.779998779296875,56.31999969482422,55.7400016784668,56.189998626708984,3124900
2017-08-09,41.430328369140625,55.77000045776367,55.88999938964844,55.619998931884766,55.720001220703125,2660400
2017-08-10,41.81660842895508,56.290000915527344,56.439998626708984,55.5099983215332,55.52000045776367,3668200
2017-08-11,42.03947830200195,56.59000015258789,56.9900016784668,56.119998931884766,56.25,3702000
2017-08-14,42.64121627807617,57.400001525878906,57.54999923706055,56.68000030517578,56.720001220703125,3509600
2017-08-15,42.57435989379883,57.310001373291016,57.56999969482422,57.25,57.33000183105469,4509500
2017-08-16,42.73778533935547,57.529998779296875,57.72999954223633,57.22999954223633,57.310001373291016,2792800
2017-08-17,42.76750946044922,57.56999969482422,57.84000015258789,57.36000061035156,57.47999954223633,4338300
2017-08-18,42.44807052612305,57.13999938964844,57.529998779296875,57.040000915527344,57.47999954223633,4595600
2017-08-21,42.55950164794922,57.290000915527344,57.599998474121094,57.099998474121094,57.150001525878906,2914800
2017-08-22,42.715511322021484,57.5,57.61000061035156,57.150001525878906,57.20000076293945,1926800
2017-08-23,42.849212646484375,57.68000030517578,57.790000915527344,57.38999938964844,57.41999816894531,3344100
2017-08-24,41.36346435546875,55.68000030517578,57.45000076293945,55.630001068115234,57.38999938964844,4606500
2017-08-25,40.8731575012207,55.02000045776367,56.029998779296875,55.0099983215332,56.029998779296875,3735600
2017-08-28,40.323429107666016,54.279998779296875,55.06999969482422,54.15999984741211,55.04999923706055,3675500
2017-08-29,40.063419342041016,53.93000030517578,54.40999984741211,53.900001525878906,54.40999984741211,4260900
2017-08-30,39.92969512939453,53.75,54.119998931884766,53.43000030517578,53.95000076293945,3923500
2017-08-31,39.56569290161133,53.2599983215332,53.79999923706055,52.7599983215332,53.41999816894531,6367700
2017-09-01,39.90742111206055,53.720001220703125,54.119998931884766,53.2599983215332,53.2599983215332,3912400
2017-09-05,39.90742111206055,53.720001220703125,54.060001373291016,53.380001068115234,53.7599983215332,4257200
2017-09-06,40.63544464111328,54.70000076293945,54.72999954223633,53.599998474121094,53.880001068115234,5716000
2017-09-07,40.605735778808594,54.65999984741211,54.97999954223633,54.09000015258789,54.41999816894531,4754100
2017-09-08,41.11831283569336,55.349998474121094,55.7400016784668,54.56999969482422,54.65999984741211,3388500
2017-09-11,41.4377555847168,55.779998779296875,56.06999969482422,55.470001220703125,55.58000183105469,2869500
2017-09-12,41.274314880371094,55.560001373291016,56.209999084472656,55.380001068115234,55.84000015258789,2900400
2017-09-13,41.07373809814453,55.290000915527344,55.86000061035156,55.22999954223633,55.5,2253800
2017-09-14,40.895450592041016,55.04999923706055,55.2599983215332,54.66999816894531,55.150001525878906,3128100
2017-09-15,41.45261764526367,55.79999923706055,55.849998474121094,54.93000030517578,55.040000915527344,4350200
2017-09-18,41.920623779296875,56.43000030517578,56.540000915527344,55.70000076293945,55.81999969482422,4519400
2017-09-19,41.14060592651367,55.380001068115234,56.29999923706055,55.189998626708984,56.18000030517578,6223900
2017-09-20,38.75596237182617,52.16999816894531,53.220001220703125,50.400001525878906,51.75,16077000
2017-09-21,38.399383544921875,51.689998626708984,52.5,51.38999938964844,52.06999969482422,6509600
2017-09-22,38.05765914916992,51.22999954223633,52.18000030517578,51.060001373291016,51.79999923706055,4499100
2017-09-25,38.83025360107422,52.27000045776367,52.43000030517578,51.220001220703125,51.22999954223633,4141400
2017-09-26,38.60737228393555,51.970001220703125,52.45000076293945,51.86000061035156,52.29999923706055,2782900
2017-09-27,38.9491081237793,52.43000030517578,52.470001220703125,51.38999938964844,51.939998626708984,4358800
2017-09-28,38.82283020019531,52.2599983215332,52.880001068115234,52.0,52.130001068115234,2755400
2017-09-29,38.451385498046875,51.7599983215332,52.720001220703125,51.7400016784668,52.459999084472656,4430700
2017-10-02,38.488525390625,51.810001373291016,51.970001220703125,51.209999084472656,51.56999969482422,4336100
2017-10-03,38.124507904052734,51.31999969482422,51.869998931884766,51.290000915527344,51.869998931884766,3435800
2017-10-04,38.63710021972656,52.0099983215332,52.81999969482422,51.08000183105469,51.31999969482422,5458900
2017-10-05,38.696537017822266,52.09000015258789,52.560001373291016,51.959999084472656,52.029998779296875,3229900
2017-10-06,38.54655456542969,51.400001525878906,51.84000015258789,51.310001373291016,51.72999954223633,2606100
2017-10-09,37.63912582397461,50.189998626708984,51.52000045776367,50.130001068115234,51.439998626708984,4798000
2017-10-10,38.209083557128906,50.95000076293945,50.959999084472656,50.34000015258789,50.41999816894531,3458700
2017-10-11,38.14908981323242,50.869998931884766,51.27000045776367,50.650001525878906,50.970001220703125,3992800
2017-10-12,38.44906234741211,51.27000045776367,51.56999969482422,50.7599983215332,50.86000061035156,3399200
2017-10-13,38.64403533935547,51.529998779296875,51.54999923706055,51.310001373291016,51.45000076293945,3619400
2017-10-16,38.8540153503418,51.810001373291016,51.880001068115234,51.43000030517578,51.529998779296875,2650700
2017-10-17,38.77152633666992,51.70000076293945,51.849998474121094,51.310001373291016,51.810001373291016,3049500
2017-10-18,39.18398666381836,52.25,52.47999954223633,51.27000045776367,51.68000030517578,5962900
2017-10-19,39.01900863647461,52.029998779296875,52.29999923706055,51.560001373291016,52.11000061035156,3903800
2017-10-20,39.004005432128906,52.0099983215332,52.130001068115234,51.689998626708984,52.11000061035156,3372400
2017-10-23,38.7490234375,51.66999816894531,52.34000015258789,51.59000015258789,52.11000061035156,2992300
2017-10-24,38.839012145996094,51.790000915527344,52.060001373291016,51.61000061035156,51.79999923706055,3049000
2017-10-25,38.64403533935547,51.529998779296875,51.7599983215332,51.15999984741211,51.66999816894531,2752200
2017-10-26,38.816524505615234,51.7599983215332,52.040000915527344,51.310001373291016,51.59000015258789,3248500
2017-10-27,38.674034118652344,51.56999969482422,51.83000183105469,51.22999954223633,51.79999923706055,2096700
2017-10-30,37.99160385131836,50.65999984741211,51.810001373291016,50.439998626708984,51.7599983215332,5329400
2017-10-31,38.936500549316406,51.91999816894531,52.20000076293945,51.060001373291016,51.060001373291016,4668300
2017-11-01,39.01900863647461,52.029998779296875,52.34000015258789,51.56999969482422,51.97999954223633,2647700
2017-11-02,38.816524505615234,51.7599983215332,52.11000061035156,51.400001525878906,51.970001220703125,2665400
2017-11-03,38.501556396484375,51.34000015258789,51.79999923706055,51.25,51.61000061035156,1955000
2017-11-06,37.57162094116211,50.099998474121094,51.189998626708984,50.08000183105469,51.08000183105469,3778900
2017-11-07,38.22407913208008,50.970001220703125,51.029998779296875,49.650001525878906,50.06999969482422,3655500
2017-11-08,39.176483154296875,52.2400016784668,52.25,51.380001068115234,51.4900016784668,3989900
2017-11-09,38.831512451171875,51.779998779296875,52.61000061035156,51.709999084472656,52.060001373291016,3907600
2017-11-10,39.95641326904297,53.279998779296875,53.400001525878906,51.5,51.58000183105469,5059000
2017-11-13,39.72394561767578,52.970001220703125,53.59000015258789,52.7400016784668,53.02000045776367,3453800
2017-11-14,40.586360931396484,54.119998931884766,54.279998779296875,53.029998779296875,53.060001373291016,5395400
2017-11-15,39.39397430419922,52.529998779296875,54.40999984741211,52.5,53.95000076293945,4864000
2017-11-16,40.24888610839844,53.66999816894531,53.77000045776367,52.72999954223633,52.779998779296875,3355300
2017-11-17,40.2863883972168,53.720001220703125,53.93000030517578,53.380001068115234,53.4900016784668,4463500
2017-11-20,40.676368713378906,54.2400016784668,54.470001220703125,53.65999984741211,53.689998626708984,3728100
2017-11-21,40.13640594482422,53.52000045776367,54.119998931884766,53.34000015258789,53.83000183105469,3928800
2017-11-22,40.2338981628418,53.650001525878906,53.66999816894531,53.209999084472656,53.40999984741211,2186500
2017-11-24,40.2338981628418,53.650001525878906,53.97999954223633,53.58000183105469,53.84000015258789,1036300
2017-11-27,40.53386306762695,54.04999923706055,54.18000030517578,53.41999816894531,53.66999816894531,3058000
2017-11-28,41.126304626464844,54.84000015258789,54.849998474121094,53.880001068115234,54.20000076293945,3947900
2017-11-29,42.2512092590332,56.34000015258789,56.560001373291016,54.779998779296875,54.790000915527344,5637700
2017-11-30,42.41619873046875,56.560001373291016,56.959999084472656,55.709999084472656,56.31999969482422,6381600
2017-12-01,42.34119415283203,56.459999084472656,56.65999984741211,55.290000915527344,56.5099983215332,4289500
2017-12-04,43.39111328125,57.86000061035156,57.93000030517578,56.5,56.650001525878906,6296100
2017-12-05,42.93364715576172,57.25,58.09000015258789,56.779998779296875,57.119998931884766,4209800
2017-12-06,43.05364990234375,57.40999984741211,57.630001068115234,57.060001373291016,57.20000076293945,2973400
2017-12-07,42.51369857788086,56.689998626708984,57.2400016784668,56.529998779296875,56.779998779296875,3129900
2017-12-08,41.876243591308594,55.84000015258789,56.709999084472656,55.470001220703125,56.709999084472656,3991000
2017-12-11,41.91373825073242,55.88999938964844,55.93000030517578,55.380001068115234,55.650001525878906,3303400
2017-12-12,42.041229248046875,56.060001373291016,56.36000061035156,55.970001220703125,56.040000915527344,2785900
2017-12-13,42.34870147705078,56.470001220703125,56.58000183105469,55.84000015258789,56.060001373291016,4274100
2017-12-14,42.093727111816406,56.130001068115234,56.47999954223633,56.119998931884766,56.36000061035156,2842700
2017-12-15,42.66368103027344,56.88999938964844,57.16999816894531,56.15999984741211,56.380001068115234,9335800
2017-12-18,43.346107482910156,57.79999923706055,58.099998474121094,57.43000030517578,57.5,5170400
2017-12-19,43.21862030029297,57.630001068115234,58.380001068115234,57.560001373291016,57.95000076293945,5604900
2017-12-20,44.0660514831543,58.7599983215332,59.029998779296875,56.630001068115234,58.099998474121094,6879100
2017-12-21,44.643497467041016,59.529998779296875,60.08000183105469,58.779998779296875,58.95000076293945,7547600
2017-12-22,45.09345626831055,60.130001068115234,60.189998626708984,59.630001068115234,59.66999816894531,6498100
2017-12-26,45.08594512939453,60.119998931884766,60.31999969482422,59.95000076293945,60.040000915527344,2224600
2017-12-27,45.130950927734375,60.18000030517578,60.59000015258789,59.93000030517578,60.0,2292400
2017-12-28,44.65849685668945,59.54999923706055,60.16999816894531,59.34000015258789,60.099998474121094,2237800
2017-12-29,44.4635124206543,59.290000915527344,60.150001525878906,59.279998779296875,59.4900016784668,2450700
2018-01-02,44.27603530883789,59.040000915527344,59.5099983215332,58.54999923706055,59.43000030517578,4103600
2018-01-03,44.04354476928711,58.72999954223633,59.619998931884766,58.709999084472656,59.59000015258789,3118800
2018-01-04,44.553504943847656,59.40999984741211,59.61000061035156,58.630001068115234,59.0099983215332,3211100
2018-01-05,44.93598175048828,59.91999816894531,59.95000076293945,59.31999969482422,59.58000183105469,2308100
2018-01-08,45.08594512939453,60.119998931884766,60.20000076293945,59.56999969482422,59.779998779296875,3332700
2018-01-09,44.85157012939453,59.31999969482422,59.68000030517578,59.20000076293945,59.68000030517578,2865600
2018-01-10,44.32986068725586,58.630001068115234,58.959999084472656,58.36000061035156,58.88999938964844,3097200
2018-01-11,43.921573638916016,58.09000015258789,58.790000915527344,57.91999816894531,58.70000076293945,2878400
2018-01-12,43.7401008605957,57.849998474121094,58.34000015258789,57.72999954223633,58.27000045776367,2585300
2018-01-16,44.17863464355469,58.43000030517578,58.75,57.900001525878906,57.970001220703125,3961500
2018-01-17,44.70035171508789,59.119998931884766,59.4900016784668,58.4900016784668,58.66999816894531,3186500
2018-01-18,44.3525390625,58.65999984741211,59.22999954223633,58.369998931884766,59.22999954223633,2298800
2018-01-19,44.69279861450195,59.11000061035156,59.560001373291016,58.630001068115234,58.86000061035156,4130400
2018-01-22,45.19181442260742,59.77000045776367,59.790000915527344,58.9900016784668,59.18000030517578,3154700
2018-01-23,45.206932067871094,59.790000915527344,60.060001373291016,59.18000030517578,59.5099983215332,2682900
2018-01-24,45.15401077270508,59.720001220703125,60.119998931884766,59.720001220703125,59.91999816894531,4391300
2018-01-25,45.47157287597656,60.13999938964844,60.689998626708984,59.54999923706055,59.93000030517578,2352100
2018-01-26,45.516929626464844,60.20000076293945,60.20000076293945,59.400001525878906,60.150001525878906,5439000
2018-01-29,45.04814910888672,59.58000183105469,60.4900016784668,59.52000045776367,60.349998474121094,2263400
2018-01-30,44.29205322265625,58.58000183105469,59.95000076293945,58.56999969482422,59.43000030517578,3177000
2018-01-31,44.22400665283203,58.4900016784668,58.93000030517578,58.220001220703125,58.650001525878906,3535200
2018-02-01,43.76279067993164,57.880001068115234,59.0099983215332,57.720001220703125,58.900001525878906,3538500
2018-02-02,42.30353546142578,55.95000076293945,57.599998474121094,55.880001068115234,57.59000015258789,4130200
2018-02-05,40.83669662475586,54.0099983215332,56.34000015258789,54.0099983215332,55.83000183105469,4534600
2018-02-06,42.17499542236328,55.779998779296875,55.849998474121094,52.959999084472656,53.4900016784668,5553300
2018-02-07,41.32059860229492,54.650001525878906,56.2400016784668,54.619998931884766,55.470001220703125,3502600
2018-02-08,40.82158279418945,53.9900016784668,55.27000045776367,53.959999084472656,54.75,3359600
2018-02-09,41.373531341552734,54.720001220703125,55.22999954223633,53.310001373291016,54.40999984741211,3037500
2018-02-12,41.524742126464844,54.91999816894531,55.45000076293945,54.560001373291016,55.0,2589900
2018-02-13,41.42645263671875,54.790000915527344,55.04999923706055,54.13999938964844,54.709999084472656,2069600
2018-02-14,42.36402130126953,56.029998779296875,56.08000183105469,54.5099983215332,54.869998931884766,3233600
2018-02-15,43.014259338378906,56.88999938964844,56.90999984741211,55.150001525878906,56.119998931884766,2636600
2018-02-16,42.666446685791016,56.43000030517578,56.720001220703125,56.06999969482422,56.470001220703125,3423500
2018-02-20,42.30353546142578,55.95000076293945,56.369998931884766,55.31999969482422,56.119998931884766,4500200
2018-02-21,41.19206619262695,54.47999954223633,56.31999969482422,54.47999954223633,55.959999084472656,5077300
2018-02-22,41.54743194580078,54.95000076293945,55.689998626708984,54.68000030517578,54.7599983215332,3589500
2018-02-23,40.05791473388672,52.97999954223633,53.43000030517578,51.65999984741211,52.29999923706055,11895800
2018-02-26,38.878414154052734,51.41999816894531,52.4900016784668,51.0099983215332,51.470001220703125,10259900
2018-02-27,38.394508361816406,50.779998779296875,51.939998626708984,50.66999816894531,51.70000076293945,11478700
2018-02-28,38.220603942871094,50.54999923706055,51.25,50.27000045776367,50.900001525878906,7330400
2018-03-01,38.23573303222656,50.56999969482422,51.36000061035156,50.220001220703125,50.599998474121094,8649300
2018-03-02,38.51548385620117,50.939998626708984,51.209999084472656,50.43000030517578,50.43000030517578,3815300
2018-03-05,38.27354049682617,50.619998931884766,51.41999816894531,50.61000061035156,50.790000915527344,5695200
2018-03-06,38.60621643066406,51.060001373291016,51.130001068115234,50.310001373291016,50.619998931884766,6230600
2018-03-07,38.60621643066406,51.060001373291016,51.34000015258789,50.470001220703125,50.63999938964844,4674400
2018-03-08,39.09012985229492,51.70000076293945,51.790000915527344,50.90999984741211,51.18000030517578,4088400
2018-03-09,38.90110397338867,51.45000076293945,51.97999954223633,51.15999984741211,51.900001525878906,2701800
2018-03-12,39.29426574707031,51.970001220703125,52.47999954223633,51.58000183105469,51.58000183105469,3644700
2018-03-13,39.309383392333984,51.9900016784668,52.349998474121094,51.83000183105469,52.22999954223633,4207500
2018-03-14,39.17329406738281,51.810001373291016,52.869998931884766,51.72999954223633,52.099998474121094,4577700
2018-03-15,38.5079345703125,50.93000030517578,52.11000061035156,50.52000045776367,51.790000915527344,5328700
2018-03-16,38.17524337768555,50.4900016784668,51.27000045776367,50.40999984741211,51.0,8455200
2018-03-19,37.96353530883789,50.209999084472656,50.83000183105469,50.040000915527344,50.380001068115234,4930800
2018-03-20,37.7518310546875,49.93000030517578,50.529998779296875,49.70000076293945,50.34000015258789,6444000
2018-03-21,34.409889221191406,45.5099983215332,46.25,44.790000915527344,45.029998779296875,25201900
2018-03-22,33.60844039916992,44.45000076293945,45.939998626708984,44.439998626708984,45.43000030517578,11606900
2018-03-23,33.42697525024414,44.209999084472656,45.68000030517578,44.150001525878906,44.959999084472656,10248600
2018-03-26,34.25110626220703,45.29999923706055,45.47999954223633,44.599998474121094,44.630001068115234,9082700
2018-03-27,34.258670806884766,45.310001373291016,46.43000030517578,44.959999084472656,45.599998474121094,9419100
2018-03-28,33.53281784057617,44.349998474121094,45.04999923706055,43.959999084472656,43.959999084472656,19133200
2018-03-29,34.06965255737305,45.060001373291016,45.2599983215332,44.56999969482422,44.83000183105469,7767500
2018-04-02,33.33624267578125,44.09000015258789,45.119998931884766,43.84000015258789,45.0,9616600
2018-04-03,33.495018005371094,44.29999923706055,44.4900016784668,43.86000061035156,44.310001373291016,6313900
2018-04-04,34.30403137207031,45.369998931884766,45.54999923706055,43.939998626708984,44.08000183105469,10253000
2018-04-05,34.34940719604492,45.43000030517578,45.68000030517578,45.11000061035156,45.5099983215332,5409500
2018-04-06,34.3796501159668,45.470001220703125,45.97999954223633,45.150001525878906,45.5,6369100
2018-04-09,34.35672378540039,44.95000076293945,45.5,44.5099983215332,45.13999938964844,5040700
2018-04-10,34.020423889160156,44.5099983215332,45.25,44.43000030517578,45.06999969482422,6704700
2018-04-11,34.295562744140625,44.869998931884766,45.06999969482422,44.349998474121094,44.470001220703125,4316300
2018-04-12,34.07392883300781,44.58000183105469,45.11000061035156,44.27000045776367,44.9900016784668,3888900
2018-04-13,34.242069244384766,44.79999923706055,45.11000061035156,44.36000061035156,44.70000076293945,4340400
2018-04-16,34.57837677001953,45.2400016784668,45.58000183105469,44.619998931884766,44.79999923706055,3585400
2018-04-17,34.593658447265625,45.2599983215332,45.54999923706055,45.02000045776367,45.36000061035156,3757600
2018-04-18,34.188560485839844,44.72999954223633,45.279998779296875,44.70000076293945,45.220001220703125,3768600
2018-04-19,33.653526306152344,44.029998779296875,44.72999954223633,43.72999954223633,44.65999984741211,8286900
2018-04-20,33.17965316772461,43.40999984741211,44.58000183105469,43.18000030517578,44.20000076293945,5464700
2018-04-23,34.058624267578125,44.560001373291016,44.59000015258789,43.540000915527344,43.880001068115234,5166100
2018-04-24,33.913394927978516,44.369998931884766,44.77000045776367,44.0,44.70000076293945,6492500
2018-04-25,33.66117858886719,44.040000915527344,44.72999954223633,43.88999938964844,44.34000015258789,5908600
2018-04-26,33.913394927978516,44.369998931884766,44.52000045776367,43.529998779296875,44.0099983215332,4440600
2018-04-27,34.028053283691406,44.52000045776367,44.900001525878906,44.33000183105469,44.560001373291016,3601900
2018-04-30,33.43187713623047,43.7400016784668,44.72999954223633,43.689998626708984,44.650001525878906,4635400
2018-05-01,33.28664779663086,43.54999923706055,43.93000030517578,43.20000076293945,43.880001068115234,4366000
2018-05-02,32.47646713256836,42.4900016784668,43.470001220703125,42.34000015258789,43.470001220703125,5543800
2018-05-03,31.498119354248047,41.209999084472656,42.529998779296875,41.0099983215332,42.52000045776367,9867100
2018-05-04,32.514678955078125,42.540000915527344,42.81999969482422,41.25,41.25,6150700
2018-05-07,32.361812591552734,42.34000015258789,42.630001068115234,41.91999816894531,42.540000915527344,4190800
2018-05-08,32.33123779296875,42.29999923706055,42.34000015258789,41.90999984741211,42.119998931884766,3704400
2018-05-09,32.491756439208984,42.5099983215332,42.810001373291016,42.18000030517578,42.4900016784668,2989900
2018-05-10,32.57582092285156,42.619998931884766,42.91999816894531,42.5099983215332,42.66999816894531,3703300
2018-05-11,32.60639190673828,42.65999984741211,42.959999084472656,42.38999938964844,42.72999954223633,3249400
2018-05-14,32.50703048706055,42.529998779296875,42.75,42.40999984741211,42.709999084472656,4398800
2018-05-15,32.47646713256836,42.4900016784668,43.06999969482422,42.13999938964844,42.439998626708984,4588600
2018-05-16,32.904483795166016,43.04999923706055,43.04999923706055,42.45000076293945,42.709999084472656,3468500
2018-05-17,32.72105407714844,42.810001373291016,43.150001525878906,42.56999969482422,42.90999984741211,3686700
2018-05-18,31.96436882019043,41.81999969482422,42.20000076293945,41.060001373291016,42.18000030517578,7512300
2018-05-21,31.926151275634766,41.77000045776367,42.189998626708984,41.45000076293945,41.93000030517578,4815600
2018-05-22,32.048431396484375,41.93000030517578,42.06999969482422,41.65999984741211,41.939998626708984,5184100
2018-05-23,32.3235969543457,42.290000915527344,42.29999923706055,41.880001068115234,41.91999816894531,3853300
2018-05-24,32.25481414794922,42.20000076293945,42.380001068115234,41.84000015258789,42.25,4104200
2018-05-25,32.59111404418945,42.63999938964844,43.15999984741211,42.2599983215332,42.2599983215332,3901400
2018-05-29,32.46881103515625,42.47999954223633,42.880001068115234,42.310001373291016,42.439998626708984,5404800
2018-05-30,32.78984069824219,42.900001525878906,43.119998931884766,42.31999969482422,42.630001068115234,5289200
2018-05-31,32.3235969543457,42.290000915527344,42.77000045776367,42.02000045776367,42.75,10900400
2018-06-01,32.56052780151367,42.599998474121094,42.91999816894531,42.27000045776367,42.38999938964844,4189800
2018-06-04,33.08028793334961,43.279998779296875,43.540000915527344,42.81999969482422,42.95000076293945,5105900
2018-06-05,32.47646713256836,42.4900016784668,43.38999938964844,42.310001373291016,43.38999938964844,6784300
2018-06-06,32.56052780151367,42.599998474121094,42.650001525878906,41.970001220703125,42.650001525878906,4650600
2018-06-07,32.27009201049805,42.220001220703125,42.869998931884766,41.81999969482422,41.95000076293945,8108400
2018-06-08,32.79747772216797,42.90999984741211,43.04999923706055,42.279998779296875,42.380001068115234,5084700
2018-06-11,33.951622009277344,44.41999816894531,44.56999969482422,43.060001373291016,43.099998474121094,8167600
2018-06-12,34.028053283691406,44.52000045776367,44.63999938964844,43.79999923706055,44.529998779296875,5146000
2018-06-13,34.1044921875,44.619998931884766,44.91999816894531,44.38999938964844,44.5,5782400
2018-06-14,34.020423889160156,44.5099983215332,44.720001220703125,44.29999923706055,44.70000076293945,5219700
2018-06-15,34.72358703613281,45.43000030517578,45.5099983215332,44.349998474121094,44.349998474121094,12354100
2018-06-18,34.188560485839844,44.72999954223633,46.650001525878906,44.34000015258789,45.720001220703125,8514000
2018-06-19,34.37965393066406,44.97999954223633,45.11000061035156,44.4900016784668,44.599998474121094,4150000
2018-06-20,34.295562744140625,44.869998931884766,45.040000915527344,44.13999938964844,44.86000061035156,4102900
2018-06-21,34.37200927734375,44.970001220703125,45.470001220703125,44.7599983215332,44.79999923706055,3882200
2018-06-22,34.56308364868164,45.220001220703125,45.68000030517578,44.88999938964844,44.95000076293945,5853700
2018-06-25,35.166908264160156,46.0099983215332,46.13999938964844,45.25,45.36000061035156,6909700
2018-06-26,35.20512771606445,46.060001373291016,46.279998779296875,45.70000076293945,46.02000045776367,7207700
2018-06-27,34.95289993286133,45.72999954223633,47.13999938964844,45.41999816894531,46.5,11075500
2018-06-28,34.15034484863281,44.68000030517578,46.029998779296875,44.18000030517578,45.5,7967500
2018-06-29,33.82932662963867,44.2599983215332,44.720001220703125,43.77000045776367,44.709999084472656,6546600
2018-07-02,33.202579498291016,43.439998626708984,44.15999984741211,43.36000061035156,44.02000045776367,7075600
2018-07-03,33.27136993408203,43.529998779296875,43.900001525878906,43.459999084472656,43.599998474121094,3167600
2018-07-05,34.27265167236328,44.84000015258789,44.84000015258789,43.529998779296875,43.68000030517578,6755300
2018-07-06,34.42551040649414,45.040000915527344,45.40999984741211,44.63999938964844,45.0,4302600
2018-07-09,34.240055084228516,44.310001373291016,44.900001525878906,44.209999084472656,44.54999923706055,3777200
2018-07-10,34.533695220947266,44.689998626708984,44.720001220703125,43.79999923706055,44.310001373291016,6012200
2018-07-11,34.533695220947266,44.689998626708984,44.90999984741211,44.31999969482422,44.599998474121094,4057300
2018-07-12,34.448692321777344,44.58000183105469,45.15999984741211,44.369998931884766,44.7400016784668,4524800
2018-07-13,34.703697204589844,44.90999984741211,45.029998779296875,44.61000061035156,44.70000076293945,2922300
2018-07-16,33.9695930480957,43.959999084472656,44.970001220703125,43.849998474121094,44.970001220703125,3954200
2018-07-17,34.17823028564453,44.22999954223633,44.41999816894531,43.880001068115234,43.90999984741211,3485800
2018-07-18,33.29731750488281,43.09000015258789,44.189998626708984,43.029998779296875,44.150001525878906,4526400
2018-07-19,33.49821853637695,43.349998474121094,43.43000030517578,42.81999969482422,43.029998779296875,4363800
2018-07-20,33.505950927734375,43.36000061035156,43.56999969482422,43.130001068115234,43.349998474121094,3427400
2018-07-23,33.14274978637695,42.88999938964844,43.349998474121094,42.720001220703125,43.29999923706055,2988000
2018-07-24,33.29731750488281,43.09000015258789,43.2400016784668,42.650001525878906,42.86000061035156,4801600
2018-07-25,33.652774810791016,43.54999923706055,43.63999938964844,42.97999954223633,43.2599983215332,3375900
2018-07-26,34.131866455078125,44.16999816894531,44.689998626708984,43.790000915527344,43.790000915527344,3849900
2018-07-27,34.757789611816406,44.97999954223633,45.029998779296875,44.25,44.36000061035156,5342300
2018-07-30,35.48416519165039,45.91999816894531,45.9900016784668,44.619998931884766,44.68000030517578,5746400
2018-07-31,35.59234619140625,46.060001373291016,46.36000061035156,45.70000076293945,46.060001373291016,7127700
2018-08-01,34.83506393432617,45.08000183105469,46.189998626708984,45.06999969482422,46.04999923706055,5684200
2018-08-02,35.345069885253906,45.7400016784668,45.790000915527344,44.400001525878906,44.9900016784668,5298600
2018-08-03,36.50416946411133,47.2400016784668,47.77000045776367,45.77000045776367,45.93000030517578,8204100
2018-08-06,36.39598083496094,47.099998474121094,47.52000045776367,46.95000076293945,47.20000076293945,4034300
2018-08-07,35.9168815612793,46.47999954223633,47.099998474121094,46.29999923706055,47.099998474121094,4347400
2018-08-08,34.94325637817383,45.220001220703125,46.599998474121094,45.15999984741211,46.599998474121094,6007900
2018-08-09,34.98186492919922,45.27000045776367,45.52000045776367,45.029998779296875,45.25,2498100
2018-08-10,34.91233825683594,45.18000030517578,45.439998626708984,44.77000045776367,45.130001068115234,2566300
2018-08-13,35.13644027709961,45.470001220703125,45.52000045776367,44.93000030517578,45.459999084472656,3489500
2018-08-14,35.39142990112305,45.79999923706055,46.18000030517578,45.61000061035156,45.66999816894531,3093900
2018-08-15,35.72370147705078,46.22999954223633,46.439998626708984,45.41999816894531,45.779998779296875,4976800
2018-08-16,36.00961685180664,46.599998474121094,47.04999923706055,46.290000915527344,46.31999969482422,4127700
2018-08-17,36.480995178222656,47.209999084472656,47.27000045776367,46.41999816894531,46.41999816894531,3374000
2018-08-20,36.766902923583984,47.58000183105469,47.709999084472656,47.16999816894531,47.25,3717700
2018-08-21,35.64643859863281,46.130001068115234,47.4900016784668,46.060001373291016,47.459999084472656,3774600
2018-08-22,35.352806091308594,45.75,46.04999923706055,45.36000061035156,46.0,2936200
2018-08-23,35.229164123535156,45.59000015258789,45.880001068115234,45.25,45.45000076293945,2788000
2018-08-24,35.53052520751953,45.97999954223633,46.220001220703125,45.47999954223633,45.63999938964844,2231400
2018-08-27,35.44552993774414,45.869998931884766,46.27000045776367,45.7599983215332,46.11000061035156,2179700
2018-08-28,35.0668830871582,45.380001068115234,45.959999084472656,45.279998779296875,45.84000015258789,2499700
2018-08-29,35.2987060546875,45.68000030517578,45.689998626708984,45.209999084472656,45.380001068115234,2275500
2018-08-30,35.267799377441406,45.63999938964844,45.86000061035156,45.27000045776367,45.4900016784668,2681000
2018-08-31,35.5537109375,46.0099983215332,46.34000015258789,45.720001220703125,45.81999969482422,3628900
2018-09-04,35.48416519165039,45.91999816894531,46.2599983215332,45.779998779296875,46.0,4056400
2018-09-05,35.198246002197266,45.54999923706055,46.380001068115234,45.2599983215332,45.65999984741211,6033200
2018-09-06,36.32644271850586,47.0099983215332,47.13999938964844,45.54999923706055,45.560001373291016,4913000
2018-09-07,36.74372100830078,47.54999923706055,47.61000061035156,46.59000015258789,46.790000915527344,3982900
2018-09-10,36.65099334716797,47.43000030517578,48.09000015258789,47.2400016784668,47.63999938964844,3285900
2018-09-11,36.12553024291992,46.75,47.43000030517578,46.56999969482422,47.369998931884766,4303600
2018-09-12,36.71281814575195,47.5099983215332,47.59000015258789,46.75,46.779998779296875,2651300
2018-09-13,36.77463150024414,47.59000015258789,47.779998779296875,47.25,47.66999816894531,3015900
2018-09-14,36.89827346801758,47.75,47.7599983215332,47.220001220703125,47.56999969482422,4884200
2018-09-17,36.913734436035156,47.77000045776367,48.11000061035156,47.5,47.5,7788400
2018-09-18,34.100955963134766,44.130001068115234,46.970001220703125,43.56999969482422,46.560001373291016,16268000
2018-09-19,34.209144592285156,44.27000045776367,45.31999969482422,43.959999084472656,44.34000015258789,10130000
2018-09-20,34.28641891479492,44.369998931884766,44.58000183105469,44.15999984741211,44.40999984741211,6018800
2018-09-21,34.355960845947266,44.459999084472656,45.02000045776367,44.130001068115234,44.560001373291016,8076200
2018-09-24,34.00823211669922,44.0099983215332,44.83000183105469,43.970001220703125,44.38999938964844,3365600
2018-09-25,33.83049011230469,43.779998779296875,44.27000045776367,43.619998931884766,44.029998779296875,3735500
2018-09-26,33.768680572509766,43.70000076293945,44.04999923706055,43.630001068115234,43.849998474121094,3669500
2018-09-27,33.250946044921875,43.029998779296875,43.7599983215332,42.869998931884766,43.36000061035156,4580400
2018-09-28,33.16594314575195,42.91999816894531,43.15999984741211,42.61000061035156,43.08000183105469,4950000
2018-10-01,32.97275924682617,42.66999816894531,43.060001373291016,42.47999954223633,42.970001220703125,5797200
2018-10-02,33.397769927978516,43.220001220703125,43.54999923706055,42.70000076293945,42.9900016784668,4008900
2018-10-03,33.22776412963867,43.0,43.7400016784668,42.900001525878906,43.529998779296875,4350500
2018-10-04,33.490501403808594,43.34000015258789,43.41999816894531,42.650001525878906,42.869998931884766,3368100
2018-10-05,33.606407165527344,43.4900016784668,43.7400016784668,43.33000183105469,43.349998474121094,4341100
2018-10-08,34.3018684387207,44.38999938964844,44.47999954223633,43.41999816894531,43.560001373291016,4931600
2018-10-09,33.82523727416992,43.290000915527344,44.029998779296875,43.060001373291016,43.900001525878906,3639200
2018-10-10,34.333133697509766,43.939998626708984,44.689998626708984,43.099998474121094,43.2400016784668,6114800
2018-10-11,33.48143768310547,42.849998474121094,44.189998626708984,42.65999984741211,44.029998779296875,5175900
2018-10-12,33.676780700683594,43.099998474121094,43.22999954223633,42.439998626708984,43.029998779296875,4272300
2018-10-15,34.044029235839844,43.56999969482422,43.88999938964844,43.08000183105469,43.11000061035156,3148600
2018-10-16,34.66910934448242,44.369998931884766,44.41999816894531,43.40999984741211,43.56999969482422,4004400
2018-10-17,34.42689514160156,44.060001373291016,44.459999084472656,43.75,44.20000076293945,2857200
2018-10-18,34.10653305053711,43.650001525878906,44.43000030517578,43.56999969482422,44.15999984741211,3092900
2018-10-19,34.801944732666016,44.540000915527344,44.77000045776367,43.90999984741211,43.90999984741211,3852000
2018-10-22,34.49721145629883,44.150001525878906,44.900001525878906,43.86000061035156,44.529998779296875,3436500
2018-10-23,34.76287841796875,44.4900016784668,44.599998474121094,43.72999954223633,44.02000045776367,4377600
2018-10-24,35.02072525024414,44.81999969482422,45.400001525878906,44.4900016784668,44.5,4000800
2018-10-25,34.747249603271484,44.470001220703125,45.0,44.11000061035156,44.630001068115234,4140800
2018-10-26,34.00495529174805,43.52000045776367,44.93000030517578,43.25,44.40999984741211,5142600
2018-10-29,34.489402770996094,44.13999938964844,44.68000030517578,43.75,43.75,5483700
2018-10-30,35.55204772949219,45.5,45.560001373291016,44.349998474121094,44.540000915527344,7296600
2018-10-31,34.22372817993164,43.79999923706055,44.68000030517578,43.119998931884766,44.68000030517578,6805400
2018-11-01,34.63005065917969,44.31999969482422,44.5099983215332,43.720001220703125,43.95000076293945,4365500
2018-11-02,32.950103759765625,42.16999816894531,44.06999969482422,41.7400016784668,43.869998931884766,9583100
2018-11-05,33.57521057128906,42.970001220703125,43.29999923706055,42.2599983215332,42.27000045776367,5852700
2018-11-06,34.23936080932617,43.81999969482422,43.939998626708984,42.7400016784668,42.880001068115234,3773300
2018-11-07,34.262794494628906,43.849998474121094,44.060001373291016,43.130001068115234,43.9900016784668,3631700
2018-11-08,34.72381591796875,44.439998626708984,44.54999923706055,43.70000076293945,43.70000076293945,3676800
2018-11-09,35.403602600097656,45.310001373291016,45.41999816894531,44.47999954223633,44.47999954223633,4825500
2018-11-12,35.692691802978516,45.68000030517578,46.130001068115234,45.25,45.25,4211500
2018-11-13,35.536434173583984,45.47999954223633,46.33000183105469,45.20000076293945,45.689998626708984,3719500
2018-11-14,35.395782470703125,45.29999923706055,45.83000183105469,45.0099983215332,45.25,3837600
2018-11-15,35.3410758972168,45.22999954223633,45.41999816894531,44.4900016784668,44.88999938964844,4013400
2018-11-16,34.52066421508789,44.18000030517578,45.470001220703125,44.11000061035156,45.18000030517578,6056400
2018-11-19,34.559722900390625,44.22999954223633,44.779998779296875,43.689998626708984,44.22999954223633,6875900
2018-11-20,34.52066421508789,44.18000030517578,45.099998474121094,43.97999954223633,44.47999954223633,3717300
2018-11-21,33.84086990356445,43.310001373291016,44.150001525878906,43.09000015258789,44.119998931884766,4111900
2018-11-23,33.88773727416992,43.369998931884766,43.63999938964844,43.040000915527344,43.38999938964844,1114600
2018-11-26,33.114200592041016,42.380001068115234,43.63999938964844,42.31999969482422,43.38999938964844,4636800
2018-11-27,33.16889953613281,42.45000076293945,42.650001525878906,41.88999938964844,42.22999954223633,4094100
2018-11-28,32.72351837158203,41.880001068115234,41.959999084472656,41.369998931884766,41.95000076293945,5269500
2018-11-29,32.98137283325195,42.209999084472656,42.380001068115234,41.70000076293945,41.849998474121094,6458000
2018-11-30,33.059505462646484,42.310001373291016,42.59000015258789,41.9900016784668,42.11000061035156,6085200
2018-12-03,32.42660903930664,41.5,42.34000015258789,41.060001373291016,42.060001373291016,7978500
2018-12-04,31.46552085876465,40.27000045776367,41.95000076293945,40.209999084472656,41.65999984741211,8535300
2018-12-06,31.04359245300293,39.72999954223633,40.380001068115234,39.31999969482422,40.34000015258789,12064800
2018-12-07,30.066879272460938,38.47999954223633,39.70000076293945,38.16999816894531,39.560001373291016,10226800
2018-12-10,30.113758087158203,38.540000915527344,38.939998626708984,38.08000183105469,38.7400016784668,6664800
2018-12-11,30.26222801208496,38.72999954223633,39.45000076293945,38.45000076293945,38.709999084472656,6570100
2018-12-12,30.1293888092041,38.560001373291016,39.310001373291016,38.5099983215332,38.939998626708984,9250000
2018-12-13,29.785585403442383,38.119998931884766,38.68000030517578,38.06999969482422,38.560001373291016,7061000
2018-12-14,29.20738410949707,37.380001068115234,38.06999969482422,37.220001220703125,38.0099983215332,6719500
2018-12-17,28.707307815551758,36.7400016784668,37.70000076293945,36.41999816894531,37.40999984741211,8633300
2018-12-18,28.676057815551758,36.70000076293945,37.34000015258789,36.54999923706055,36.9900016784668,8108700
2018-12-19,30.12157440185547,38.54999923706055,40.380001068115234,38.40999984741211,38.79999923706055,14213500
2018-12-20,30.52788734436035,39.06999969482422,39.22999954223633,37.41999816894531,38.189998626708984,10024600
2018-12-21,30.32472801208496,38.810001373291016,40.41999816894531,38.75,39.0,13092200
2018-12-24,29.371463775634766,37.59000015258789,38.86000061035156,37.540000915527344,38.72999954223633,3958000
2018-12-26,30.019996643066406,38.41999816894531,38.43000030517578,37.34000015258789,37.810001373291016,6692700
2018-12-27,30.496627807617188,39.029998779296875,39.029998779296875,37.349998474121094,38.31999969482422,8036100
2018-12-28,30.285661697387695,38.7599983215332,39.459999084472656,38.5,39.08000183105469,5779600
2018-12-31,30.42630958557129,38.939998626708984,38.9900016784668,38.279998779296875,38.7400016784668,5292900
2019-01-02,30.02781105041504,38.43000030517578,38.939998626708984,38.119998931884766,38.81999969482422,6478900
2019-01-03,30.496627807617188,39.029998779296875,39.40999984741211,38.20000076293945,38.380001068115234,6359800
2019-01-04,31.113914489746094,39.81999969482422,39.939998626708984,38.900001525878906,39.119998931884766,6326100
2019-01-07,31.629606246948242,40.47999954223633,40.7400016784668,39.4900016784668,39.810001373291016,5695600
2019-01-08,32.106239318847656,41.09000015258789,41.220001220703125,40.630001068115234,40.790000915527344,6609400
2019-01-09,31.963909149169922,40.41999816894531,40.779998779296875,40.04999923706055,40.349998474121094,4521300
2019-01-10,32.75469207763672,41.41999816894531,41.439998626708984,40.41999816894531,40.41999816894531,8279800
2019-01-11,33.05519104003906,41.79999923706055,41.81999969482422,41.08000183105469,41.45000076293945,7417400
2019-01-14,33.047279357910156,41.790000915527344,41.79999923706055,41.41999816894531,41.650001525878906,3874400
2019-01-15,33.13426971435547,41.900001525878906,42.060001373291016,41.459999084472656,41.68000030517578,4486300
2019-01-16,33.42686462402344,42.27000045776367,42.29999923706055,41.689998626708984,41.970001220703125,4905600
2019-01-17,33.98041534423828,42.970001220703125,43.04999923706055,42.20000076293945,42.279998779296875,4664400
2019-01-18,34.375816345214844,43.470001220703125,43.70000076293945,43.02000045776367,43.20000076293945,5564800
2019-01-22,34.193939208984375,43.2400016784668,43.720001220703125,42.880001068115234,43.5099983215332,9260500
2019-01-23,34.80284118652344,44.0099983215332,44.290000915527344,43.619998931884766,43.68000030517578,5208600
2019-01-24,34.41535949707031,43.52000045776367,44.0,42.880001068115234,43.45000076293945,4700400
2019-01-25,34.23347091674805,43.290000915527344,44.220001220703125,43.209999084472656,43.560001373291016,7013900
2019-01-28,34.439083099365234,43.54999923706055,43.56999969482422,42.84000015258789,43.41999816894531,3552900
2019-01-29,34.462799072265625,43.58000183105469,43.720001220703125,43.20000076293945,43.650001525878906,3431900
2019-01-30,34.56560134887695,43.709999084472656,44.0099983215332,43.45000076293945,43.4900016784668,3140900
2019-01-31,35.142887115478516,44.439998626708984,44.470001220703125,43.47999954223633,43.72999954223633,4730000
2019-02-01,34.9847412109375,44.2400016784668,45.0,43.81999969482422,44.70000076293945,5061700
2019-02-04,34.66051483154297,43.83000183105469,44.29999923706055,43.59000015258789,44.22999954223633,3462400
2019-02-05,35.277320861816406,44.61000061035156,44.630001068115234,43.68000030517578,43.83000183105469,4625900
2019-02-06,34.67631912231445,43.849998474121094,44.689998626708984,43.77000045776367,44.47999954223633,3527100
2019-02-07,34.68422317504883,43.86000061035156,44.18000030517578,42.79999923706055,43.0,4021200
2019-02-08,34.75539779663086,43.95000076293945,43.970001220703125,43.119998931884766,43.709999084472656,3362000
2019-02-11,34.78703689575195,43.9900016784668,44.189998626708984,43.5,44.08000183105469,4027900
2019-02-12,35.459205627441406,44.84000015258789,44.939998626708984,43.9900016784668,43.9900016784668,4349500
2019-02-13,35.1666145324707,44.470001220703125,44.939998626708984,44.29999923706055,44.84000015258789,2993300
2019-02-14,35.21406936645508,44.529998779296875,44.7599983215332,43.90999984741211,44.189998626708984,2867700
2019-02-15,35.61735916137695,45.040000915527344,45.29999923706055,44.77000045776367,44.84000015258789,4188300
2019-02-19,36.17091369628906,45.7400016784668,45.91999816894531,44.810001373291016,45.0,5193200
2019-02-20,37.12778091430664,46.95000076293945,47.119998931884766,45.709999084472656,45.7400016784668,6591700
2019-02-21,37.12778091430664,46.95000076293945,47.220001220703125,46.43000030517578,46.75,5108200
2019-02-22,36.83518981933594,46.58000183105469,46.599998474121094,44.130001068115234,44.63999938964844,9796000
2019-02-25,36.534690856933594,46.20000076293945,46.79999923706055,45.81999969482422,46.72999954223633,6076800
2019-02-26,37.05662536621094,46.86000061035156,47.040000915527344,46.349998474121094,46.54999923706055,6002700
2019-02-27,37.238494873046875,47.09000015258789,47.09000015258789,46.5099983215332,46.75,5274500
2019-02-28,37.27012252807617,47.130001068115234,47.31999969482422,46.72999954223633,47.150001525878906,4245600
2019-03-01,37.34129333496094,47.220001220703125,47.400001525878906,46.83000183105469,47.25,3342400
2019-03-04,36.99334716796875,46.779998779296875,47.349998474121094,46.22999954223633,47.29999923706055,3450400
2019-03-05,37.02498245239258,46.81999969482422,47.0,46.43000030517578,46.619998931884766,3609800
2019-03-06,37.017066955566406,46.810001373291016,47.02000045776367,46.5099983215332,46.91999816894531,2905100
2019-03-07,36.69285202026367,46.400001525878906,46.79999923706055,46.25,46.5099983215332,3081700
2019-03-08,36.819374084472656,46.560001373291016,46.68000030517578,46.189998626708984,46.58000183105469,2440800
2019-03-11,37.096153259277344,46.90999984741211,46.939998626708984,46.40999984741211,46.459999084472656,3158700
2019-03-12,37.03289031982422,46.83000183105469,47.09000015258789,46.7599983215332,46.91999816894531,3066800
2019-03-13,37.230587005615234,47.08000183105469,47.380001068115234,46.83000183105469,46.83000183105469,3924200
2019-03-14,37.53108596801758,47.459999084472656,47.75,47.29999923706055,47.5,5222000
2019-03-15,37.57062530517578,47.5099983215332,47.709999084472656,47.18000030517578,47.5099983215332,8548000
2019-03-18,37.657615661621094,47.619998931884766,47.810001373291016,47.380001068115234,47.41999816894531,4196200
2019-03-19,37.357112884521484,47.2400016784668,47.689998626708984,47.02000045776367,47.18000030517578,5196900
2019-03-20,38.18745040893555,48.290000915527344,49.5,48.16999816894531,48.34000015258789,12337400
2019-03-21,39.57133483886719,50.040000915527344,50.189998626708984,48.22999954223633,48.22999954223633,7582700
2019-03-22,40.12489318847656,50.7400016784668,50.97999954223633,50.189998626708984,50.220001220703125,5314500
2019-03-25,40.40167236328125,51.09000015258789,51.16999816894531,50.40999984741211,50.540000915527344,3267600
2019-03-26,40.963138580322266,51.79999923706055,51.93000030517578,50.88999938964844,51.20000076293945,3734600
2019-03-27,40.5677375793457,51.29999923706055,51.880001068115234,51.279998779296875,51.68000030517578,4201300
2019-03-28,40.717979431152344,51.4900016784668,51.68000030517578,51.16999816894531,51.41999816894531,4718700
2019-03-29,40.9235954284668,51.75,51.959999084472656,51.34000015258789,51.459999084472656,4884900
2019-04-01,40.32258987426758,50.9900016784668,51.810001373291016,50.619998931884766,51.7400016784668,6089800
2019-04-02,40.31467819213867,50.97999954223633,51.0099983215332,50.650001525878906,50.9900016784668,4857300
2019-04-03,39.769039154052734,50.290000915527344,50.880001068115234,50.27000045776367,50.81999969482422,5171100
2019-04-04,39.745304107666016,50.2599983215332,50.540000915527344,50.150001525878906,50.43000030517578,3342600
2019-04-05,40.235599517822266,50.880001068115234,50.88999938964844,50.189998626708984,50.25,3686800
2019-04-08,40.57565689086914,51.310001373291016,51.380001068115234,50.75,50.810001373291016,3642500
2019-04-09,40.743309020996094,51.029998779296875,51.279998779296875,50.529998779296875,50.66999816894531,4412800
2019-04-10,41.15849304199219,51.54999923706055,51.599998474121094,50.97999954223633,50.9900016784668,4208800
2019-04-11,41.166473388671875,51.560001373291016,51.7400016784668,51.29999923706055,51.709999084472656,2666400
2019-04-12,41.18244171142578,51.58000183105469,51.68000030517578,51.13999938964844,51.369998931884766,1959900
2019-04-15,41.294227600097656,51.720001220703125,51.83000183105469,51.45000076293945,51.689998626708984,2331900
2019-04-16,41.0946159362793,51.470001220703125,52.16999816894531,51.2599983215332,51.720001220703125,3025000
2019-04-17,41.31816864013672,51.75,51.83000183105469,51.290000915527344,51.63999938964844,2420700
2019-04-18,41.294227600097656,51.720001220703125,51.970001220703125,51.5099983215332,51.59000015258789,2321800
2019-04-22,41.31816864013672,51.75,51.900001525878906,51.560001373291016,51.720001220703125,1732000
2019-04-23,40.727333068847656,51.0099983215332,52.0,50.810001373291016,51.70000076293945,4866400
2019-04-24,40.46387481689453,50.68000030517578,51.25,50.459999084472656,50.88999938964844,5687200
2019-04-25,40.09659194946289,50.220001220703125,50.63999938964844,50.02000045776367,50.45000076293945,4034800
2019-04-26,40.79121398925781,51.09000015258789,51.099998474121094,50.290000915527344,50.54999923706055,2812300
2019-04-29,40.671443939208984,50.939998626708984,51.099998474121094,50.84000015258789,50.939998626708984,2248400
2019-04-30,41.0946159362793,51.470001220703125,51.630001068115234,50.95000076293945,51.06999969482422,4730600
2019-05-01,40.96687698364258,51.310001373291016,51.72999954223633,51.150001525878906,51.560001373291016,3563700
2019-05-02,40.92695236206055,51.2599983215332,51.349998474121094,50.650001525878906,51.040000915527344,2978200
2019-05-03,40.863067626953125,51.18000030517578,51.5,51.11000061035156,51.22999954223633,2408000
2019-05-06,41.07863998413086,51.45000076293945,51.56999969482422,50.810001373291016,51.130001068115234,2224400
2019-05-07,40.87105941772461,51.189998626708984,51.43000030517578,50.90999984741211,51.060001373291016,3548000
2019-05-08,40.61555480957031,50.869998931884766,51.25,50.61000061035156,51.25,2645100
2019-05-09,41.046714782714844,51.40999984741211,51.54999923706055,50.779998779296875,50.939998626708984,3621400
2019-05-10,41.150508880615234,51.540000915527344,51.61000061035156,50.650001525878906,51.16999816894531,2921700
2019-05-13,41.350101470947266,51.790000915527344,51.90999984741211,50.959999084472656,51.13999938964844,3053600
2019-05-14,41.49382781982422,51.970001220703125,52.29999923706055,51.5099983215332,51.77000045776367,3254200
2019-05-15,41.845130920410156,52.40999984741211,52.459999084472656,51.5099983215332,51.90999984741211,2355800
2019-05-16,41.59762191772461,52.099998474121094,53.0,51.970001220703125,52.41999816894531,5230400
2019-05-17,41.83714294433594,52.400001525878906,52.560001373291016,51.900001525878906,52.04999923706055,3954400
2019-05-20,42.084651947021484,52.709999084472656,52.880001068115234,52.2400016784668,52.349998474121094,4319400
2019-05-21,41.829158782958984,52.38999938964844,52.810001373291016,52.290000915527344,52.77000045776367,3501400
2019-05-22,42.084651947021484,52.709999084472656,52.79999923706055,51.97999954223633,52.4900016784668,2876200
2019-05-23,42.659507751464844,53.43000030517578,53.65999984741211,52.380001068115234,52.599998474121094,6855600
2019-05-24,42.16449737548828,52.810001373291016,53.529998779296875,52.779998779296875,53.45000076293945,3033900
2019-05-28,40.79121398925781,51.09000015258789,52.939998626708984,51.04999923706055,52.56999969482422,7617100
2019-05-29,38.52370071411133,48.25,49.11000061035156,47.779998779296875,49.04999923706055,11266300
2019-05-30,38.97880935668945,48.81999969482422,48.97999954223633,48.2400016784668,48.439998626708984,5388800
2019-05-31,39.473819732666016,49.439998626708984,49.5,48.31999969482422,48.59000015258789,4499300
2019-06-03,40.431922912597656,50.63999938964844,50.880001068115234,49.43000030517578,49.43000030517578,4230400
2019-06-04,40.6235466003418,50.880001068115234,51.189998626708984,50.619998931884766,50.88999938964844,4467300
2019-06-05,40.942909240722656,51.279998779296875,51.650001525878906,51.0,51.54999923706055,4372200
2019-06-06,40.98283386230469,51.33000183105469,51.5099983215332,50.83000183105469,51.34000015258789,3412500
2019-06-07,41.36606979370117,51.810001373291016,52.040000915527344,51.54999923706055,51.619998931884766,2749000
2019-06-10,40.99081039428711,51.34000015258789,51.849998474121094,50.81999969482422,51.70000076293945,2718000
2019-06-11,41.81319046020508,52.369998931884766,52.560001373291016,51.0,51.099998474121094,4044800
2019-06-12,42.00481033325195,52.61000061035156,52.86000061035156,52.41999816894531,52.65999984741211,3151800
2019-06-13,42.308223724365234,52.9900016784668,53.16999816894531,52.61000061035156,52.689998626708984,2496800
2019-06-14,42.6435546875,53.40999984741211,53.599998474121094,53.099998474121094,53.15999984741211,2449900
2019-06-17,42.300235748291016,52.97999954223633,53.63999938964844,52.599998474121094,53.5,2884000
2019-06-18,41.877071380615234,52.45000076293945,53.33000183105469,52.400001525878906,53.279998779296875,3015100
2019-06-19,42.571685791015625,53.31999969482422,53.369998931884766,52.09000015258789,52.369998931884766,3321800
2019-06-20,43.130584716796875,54.02000045776367,54.189998626708984,52.900001525878906,53.349998474121094,4221000
2019-06-21,42.93097686767578,53.77000045776367,54.38999938964844,53.75,54.040000915527344,7342100
2019-06-24,42.851131439208984,53.66999816894531,54.13999938964844,53.29999923706055,54.0,3151900
2019-06-25,42.87509536743164,53.70000076293945,54.13999938964844,53.5099983215332,53.869998931884766,5883400
2019-06-26,40.96687698364258,51.310001373291016,51.93000030517578,48.56999969482422,50.38999938964844,15537900
2019-06-27,41.69343566894531,52.220001220703125,52.349998474121094,50.869998931884766,51.20000076293945,5996800
2019-06-28,41.932960510253906,52.52000045776367,53.0099983215332,51.959999084472656,52.150001525878906,6302200
2019-07-01,42.57967758178711,53.33000183105469,53.880001068115234,52.68000030517578,52.88999938964844,5734200
2019-07-02,42.75531768798828,53.54999923706055,53.68000030517578,53.0099983215332,53.439998626708984,3700300
2019-07-03,43.38608169555664,54.34000015258789,54.599998474121094,53.720001220703125,53.84000015258789,4190800
2019-07-05,43.258331298828125,54.18000030517578,54.29999923706055,53.220001220703125,54.150001525878906,2955500
2019-07-08,43.154537200927734,54.04999923706055,54.630001068115234,53.810001373291016,54.22999954223633,3483200
2019-07-09,42.9531135559082,53.310001373291016,53.689998626708984,52.81999969482422,53.58000183105469,3767000
2019-07-10,43.91191864013672,54.5,54.7400016784668,53.689998626708984,53.689998626708984,5428000
2019-07-11,43.154541015625,53.560001373291016,54.72999954223633,53.290000915527344,54.65999984741211,5411600
2019-07-12,43.05785369873047,53.439998626708984,53.72999954223633,52.959999084472656,53.63999938964844,3420500
2019-07-15,42.800018310546875,53.119998931884766,53.869998931884766,52.630001068115234,53.4900016784668,3792000
2019-07-16,42.59053039550781,52.86000061035156,53.38999938964844,52.75,52.959999084472656,5142900
2019-07-17,42.743614196777344,53.04999923706055,53.11000061035156,52.43000030517578,52.65999984741211,3595800
2019-07-18,42.92893600463867,53.279998779296875,53.40999984741211,52.65999984741211,53.02000045776367,3415900
2019-07-19,42.518009185791016,52.77000045776367,53.5,52.7599983215332,53.470001220703125,2322300
2019-07-22,42.26823806762695,52.459999084472656,52.93000030517578,52.11000061035156,52.849998474121094,2444400
2019-07-23,42.21184158325195,52.38999938964844,52.88999938964844,52.130001068115234,52.63999938964844,3013800
2019-07-24,42.57440948486328,52.84000015258789,52.880001068115234,52.0099983215332,52.25,3110000
2019-07-25,43.291507720947266,53.72999954223633,53.79999923706055,52.45000076293945,52.81999969482422,4329100
2019-07-26,43.21898651123047,53.63999938964844,53.790000915527344,53.25,53.77000045776367,2788300
2019-07-29,43.26734161376953,53.70000076293945,53.869998931884766,53.459999084472656,53.720001220703125,2632500
2019-07-30,43.25122833251953,53.68000030517578,53.90999984741211,53.41999816894531,53.86000061035156,2588500
2019-07-31,42.791961669921875,53.11000061035156,53.790000915527344,52.2599983215332,53.709999084472656,4185900
2019-08-01,43.51710510253906,54.0099983215332,54.619998931884766,53.31999969482422,53.33000183105469,4957300
2019-08-02,43.26734161376953,53.70000076293945,54.220001220703125,53.33000183105469,54.02000045776367,3521400
2019-08-05,42.55024719238281,52.810001373291016,53.83000183105469,52.36000061035156,53.529998779296875,3763000
2019-08-06,42.30852508544922,52.5099983215332,53.0,52.11000061035156,52.70000076293945,3499500
2019-08-07,42.63887023925781,52.91999816894531,53.150001525878906,51.619998931884766,52.380001068115234,3183200
2019-08-08,43.525169372558594,54.02000045776367,54.060001373291016,52.25,52.439998626708984,3147000
2019-08-09,43.44459533691406,53.91999816894531,54.47999954223633,53.72999954223633,53.97999954223633,2579200
2019-08-12,43.726600646972656,54.27000045776367,54.380001068115234,53.61000061035156,53.91999816894531,3347600
2019-08-13,43.81523513793945,54.380001068115234,54.72999954223633,54.08000183105469,54.38999938964844,2970100
2019-08-14,43.3237419128418,53.77000045776367,54.630001068115234,53.59000015258789,54.2599983215332,3562200
2019-08-15,43.774940490722656,54.33000183105469,54.720001220703125,53.5099983215332,53.970001220703125,3398600
2019-08-16,44.33088302612305,55.02000045776367,55.290000915527344,54.63999938964844,54.849998474121094,4339100
2019-08-19,44.475921630859375,55.20000076293945,55.43000030517578,54.65999984741211,55.08000183105469,4191800
2019-08-20,43.74272155761719,54.290000915527344,55.040000915527344,54.25,55.0099983215332,3067100
2019-08-21,43.81523513793945,54.380001068115234,54.84000015258789,54.220001220703125,54.619998931884766,2843300
2019-08-22,44.05693817138672,54.68000030517578,54.83000183105469,54.220001220703125,54.40999984741211,2022100
2019-08-23,43.210933685302734,53.630001068115234,54.83000183105469,53.369998931884766,54.790000915527344,2715900
2019-08-26,43.49293899536133,53.97999954223633,54.13999938964844,53.650001525878906,53.83000183105469,3758200
2019-08-27,41.82509994506836,51.90999984741211,53.4900016784668,51.25,53.41999816894531,6000000
2019-08-28,42.800018310546875,53.119998931884766,53.18000030517578,51.97999954223633,52.029998779296875,3444700
2019-08-29,42.98533248901367,53.349998474121094,53.540000915527344,52.869998931884766,53.41999816894531,2194300
2019-08-30,43.347923278808594,53.79999923706055,54.380001068115234,53.5,53.72999954223633,3400600
2019-09-03,43.75076675415039,54.29999923706055,54.34000015258789,53.38999938964844,53.779998779296875,3414900
2019-09-04,43.75883102416992,54.310001373291016,54.59000015258789,53.4900016784668,54.5,3766900
2019-09-05,43.63797378540039,54.15999984741211,54.58000183105469,53.970001220703125,54.4900016784668,2622500
2019-09-06,44.28254699707031,54.959999084472656,55.209999084472656,54.06999969482422,54.20000076293945,3391800
2019-09-09,44.790157318115234,55.59000015258789,56.400001525878906,54.619998931884766,55.04999923706055,6216000
2019-09-10,43.936092376708984,54.529998779296875,55.810001373291016,54.099998474121094,55.25,4662400
2019-09-11,43.76688766479492,54.31999969482422,54.7599983215332,53.86000061035156,54.33000183105469,4218100
2019-09-12,43.581573486328125,54.09000015258789,55.02000045776367,54.04999923706055,54.72999954223633,3246900
2019-09-13,43.484893798828125,53.970001220703125,54.58000183105469,53.7400016784668,53.79999923706055,2971200
2019-09-16,43.94414520263672,54.540000915527344,54.90999984741211,53.68000030517578,53.70000076293945,3409800
2019-09-17,44.33894729614258,55.029998779296875,55.619998931884766,54.38999938964844,54.470001220703125,4909300
2019-09-18,43.936092376708984,54.529998779296875,55.93000030517578,53.630001068115234,55.63999938964844,6600700
2019-09-19,43.82328414916992,54.38999938964844,54.7400016784668,54.119998931884766,54.380001068115234,4449200
2019-09-20,43.774940490722656,54.33000183105469,54.58000183105469,54.189998626708984,54.529998779296875,6122400
2019-09-23,43.42848205566406,53.900001525878906,54.900001525878906,53.849998474121094,54.4900016784668,2165300
2019-09-24,43.65407943725586,54.18000030517578,54.63999938964844,53.75,54.15999984741211,3315100
2019-09-25,43.64603042602539,54.16999816894531,54.54999923706055,53.97999954223633,54.29999923706055,2830700
2019-09-26,44.30671691894531,54.9900016784668,55.0,54.27000045776367,54.310001373291016,2417000
2019-09-27,44.210044860839844,54.869998931884766,55.02000045776367,54.36000061035156,55.0,2083500
2019-09-30,44.411460876464844,55.119998931884766,55.59000015258789,54.900001525878906,54.97999954223633,2609000
2019-10-01,43.82328414916992,54.38999938964844,55.43000030517578,54.27000045776367,55.130001068115234,2448400
2019-10-02,42.63081359863281,52.90999984741211,54.400001525878906,52.790000915527344,54.220001220703125,3764500
2019-10-03,43.00144577026367,53.369998931884766,53.56999969482422,52.790000915527344,53.20000076293945,2953700
2019-10-04,43.75076675415039,54.29999923706055,54.29999923706055,53.41999816894531,53.58000183105469,4293800
2019-10-07,43.91191864013672,54.5,54.650001525878906,53.810001373291016,54.06999969482422,2377900
2019-10-08,43.629913330078125,54.150001525878906,54.43000030517578,53.7599983215332,54.43000030517578,3465500
2019-10-09,44.036460876464844,54.15999984741211,54.369998931884766,53.66999816894531,53.79999923706055,3612000
2019-10-10,44.402339935302734,54.61000061035156,54.849998474121094,53.90999984741211,53.95000076293945,2623200
2019-10-11,44.190940856933594,54.349998474121094,54.810001373291016,53.90999984741211,54.810001373291016,3114200
2019-10-14,43.91448974609375,54.0099983215332,54.58000183105469,53.84000015258789,54.400001525878906,4744200
2019-10-15,43.58926010131836,53.61000061035156,54.20000076293945,53.38999938964844,54.099998474121094,3847800
2019-10-16,42.80869674682617,52.650001525878906,53.65999984741211,52.61000061035156,53.599998474121094,4073200
2019-10-17,43.06074905395508,52.959999084472656,53.02000045776367,52.150001525878906,52.529998779296875,3414300
2019-10-18,42.727394104003906,52.54999923706055,53.04999923706055,52.380001068115234,52.880001068115234,3064400
2019-10-21,42.69487380981445,52.5099983215332,52.7400016784668,52.20000076293945,52.36000061035156,1927000
2019-10-22,41.54029846191406,51.09000015258789,52.599998474121094,50.970001220703125,52.56999969482422,4014300
2019-10-23,41.613468170166016,51.18000030517578,51.40999984741211,50.810001373291016,51.060001373291016,2954300
2019-10-24,41.55656433105469,51.11000061035156,51.29999923706055,50.52000045776367,51.08000183105469,2314900
2019-10-25,41.06870651245117,50.5099983215332,51.310001373291016,50.09000015258789,51.150001525878906,2898000
2019-10-28,40.65403366088867,50.0,50.599998474121094,49.970001220703125,50.5099983215332,3350600
2019-10-29,41.02804946899414,50.459999084472656,51.02000045776367,50.06999969482422,50.400001525878906,3127900
2019-10-30,41.231319427490234,50.709999084472656,50.83000183105469,50.130001068115234,50.83000183105469,4417500
2019-10-31,41.35329055786133,50.86000061035156,51.369998931884766,50.40999984741211,50.84000015258789,3711000
2019-11-01,41.613468170166016,51.18000030517578,51.380001068115234,50.91999816894531,50.9900016784668,2746600
2019-11-04,41.776092529296875,51.380001068115234,51.529998779296875,51.02000045776367,51.20000076293945,2526300
2019-11-05,41.94683074951172,51.59000015258789,51.630001068115234,51.20000076293945,51.38999938964844,3022800
2019-11-06,42.662353515625,52.470001220703125,52.90999984741211,51.650001525878906,51.79999923706055,4153600
2019-11-07,42.26393127441406,51.97999954223633,52.66999816894531,51.75,52.13999938964844,3273400
2019-11-08,42.686737060546875,52.5,52.5099983215332,51.77000045776367,51.91999816894531,2656300
2019-11-11,42.572906494140625,52.36000061035156,52.459999084472656,52.130001068115234,52.45000076293945,2362900
2019-11-12,42.572906494140625,52.36000061035156,52.43000030517578,51.939998626708984,52.220001220703125,1958700
2019-11-13,42.76805114746094,52.599998474121094,53.04999923706055,52.33000183105469,52.5,2407800
2019-11-14,42.71113586425781,52.529998779296875,52.959999084472656,52.36000061035156,52.86000061035156,1850000
2019-11-15,42.73552703857422,52.560001373291016,52.630001068115234,52.34000015258789,52.5099983215332,2098500
2019-11-18,43.003841400146484,52.88999938964844,53.20000076293945,52.209999084472656,52.58000183105469,1987400
2019-11-19,43.020103454589844,52.90999984741211,53.060001373291016,52.790000915527344,53.0,2484700
2019-11-20,43.23150634765625,53.16999816894531,53.189998626708984,52.65999984741211,52.95000076293945,2240100
2019-11-21,42.556644439697266,52.34000015258789,53.060001373291016,52.25,53.0,1797100
2019-11-22,42.841217041015625,52.689998626708984,52.90999984741211,52.2400016784668,52.47999954223633,2097600
2019-11-25,42.865623474121094,52.720001220703125,52.88999938964844,52.47999954223633,52.88999938964844,2496300
2019-11-26,43.33720016479492,53.29999923706055,53.34000015258789,52.599998474121094,52.81999969482422,2533900
2019-11-27,43.48356628417969,53.47999954223633,53.720001220703125,53.20000076293945,53.439998626708984,1884100
2019-11-29,43.35346221923828,53.31999969482422,53.54999923706055,52.91999816894531,53.459999084472656,1144300
2019-12-02,43.48356628417969,53.47999954223633,53.61000061035156,52.720001220703125,53.099998474121094,2339500
2019-12-03,43.62178039550781,53.650001525878906,53.790000915527344,53.13999938964844,53.66999816894531,3607400
2019-12-04,43.33720016479492,53.29999923706055,53.97999954223633,53.22999954223633,53.5099983215332,3146700
2019-12-05,43.82505416870117,53.900001525878906,53.900001525878906,53.04999923706055,53.099998474121094,3123800
2019-12-06,43.345340728759766,53.310001373291016,53.9900016784668,53.22999954223633,53.970001220703125,2815000
2019-12-09,43.22337341308594,53.15999984741211,53.470001220703125,52.97999954223633,53.439998626708984,2766900
2019-12-10,43.28841781616211,53.2400016784668,53.439998626708984,53.02000045776367,53.220001220703125,3566500
2019-12-11,41.9387092590332,51.58000183105469,53.22999954223633,51.36000061035156,53.06999969482422,5365200
2019-12-12,42.00374984741211,51.65999984741211,52.45000076293945,51.59000015258789,51.95000076293945,4398700
2019-12-13,41.9549674987793,51.599998474121094,51.9900016784668,51.27000045776367,51.59000015258789,4405300
2019-12-16,42.589168548583984,52.380001068115234,52.59000015258789,51.72999954223633,51.81999969482422,5553600
2019-12-17,42.418418884277344,52.16999816894531,52.619998931884766,51.93000030517578,52.209999084472656,4612600
2019-12-18,43.23963928222656,53.18000030517578,53.36000061035156,51.91999816894531,52.68000030517578,9596200
2019-12-19,43.255897521972656,53.20000076293945,53.599998474121094,52.529998779296875,53.47999954223633,5892200
2019-12-20,43.320945739746094,53.279998779296875,53.790000915527344,53.060001373291016,53.75,7900100
2019-12-23,42.865623474121094,52.720001220703125,53.65999984741211,52.58000183105469,53.4900016784668,3088500
2019-12-24,43.07701873779297,52.97999954223633,52.97999954223633,52.72999954223633,52.81999969482422,811200
2019-12-26,42.62168884277344,52.41999816894531,53.04999923706055,52.25,52.97999954223633,2843600
2019-12-27,43.24776840209961,53.189998626708984,53.189998626708984,52.459999084472656,52.560001373291016,2017400
2019-12-30,42.881874084472656,52.7400016784668,53.099998474121094,52.599998474121094,52.939998626708984,2578300
2019-12-31,43.548606872558594,53.560001373291016,53.560001373291016,52.599998474121094,52.75,3945800
2020-01-02,42.38589859008789,52.130001068115234,53.79999923706055,52.040000915527344,53.630001068115234,4422100
2020-01-03,42.231414794921875,51.939998626708984,52.52000045776367,51.81999969482422,52.22999954223633,4718900
2020-01-06,42.759918212890625,52.59000015258789,52.72999954223633,51.97999954223633,52.08000183105469,3884700
2020-01-07,42.46720886230469,52.22999954223633,52.4900016784668,51.939998626708984,52.29999923706055,4274300
2020-01-08,43.07701873779297,52.97999954223633,53.060001373291016,52.279998779296875,52.4900016784668,4143400
2020-01-09,42.98674774169922,52.380001068115234,52.65999984741211,51.970001220703125,52.2599983215332,3842000
2020-01-10,42.880062103271484,52.25,52.52000045776367,52.18000030517578,52.4900016784668,2274400
2020-01-13,43.544795989990234,53.060001373291016,53.060001373291016,52.29999923706055,52.369998931884766,3670300
2020-01-14,43.49555587768555,53.0,53.310001373291016,52.7599983215332,53.099998474121094,3351700
2020-01-15,43.799198150634766,53.369998931884766,53.56999969482422,52.93000030517578,52.959999084472656,3213100
2020-01-16,44.08644104003906,53.720001220703125,53.939998626708984,53.349998474121094,53.529998779296875,4395300
2020-01-17,44.19313049316406,53.849998474121094,53.95000076293945,53.599998474121094,53.90999984741211,3231500
2020-01-21,44.59526443481445,54.34000015258789,54.41999816894531,53.709999084472656,53.7599983215332,5254100
2020-01-22,44.29981994628906,53.97999954223633,54.56999969482422,53.959999084472656,54.29999923706055,2976800
2020-01-23,44.5131950378418,54.2400016784668,54.40999984741211,53.79999923706055,53.83000183105469,2905500
2020-01-24,44.07823181152344,53.709999084472656,54.369998931884766,53.470001220703125,54.369998931884766,2554400
2020-01-27,43.676109313964844,53.220001220703125,53.72999954223633,53.15999984741211,53.33000183105469,2547000
2020-01-28,43.503761291503906,53.0099983215332,53.540000915527344,52.959999084472656,53.130001068115234,2553700
2020-01-29,43.52017593383789,53.029998779296875,53.47999954223633,52.83000183105469,53.02000045776367,2680000
2020-01-30,44.094661712646484,53.72999954223633,53.81999969482422,53.0,53.04999923706055,2802500
2020-01-31,42.85544204711914,52.220001220703125,53.7599983215332,52.09000015258789,53.61000061035156,4695800
2020-02-03,43.487361907958984,52.9900016784668,53.040000915527344,52.439998626708984,52.61000061035156,4367100
2020-02-04,43.12625503540039,52.54999923706055,53.650001525878906,52.54999923706055,53.349998474121094,3889800
2020-02-05,43.13446807861328,52.560001373291016,52.939998626708984,52.060001373291016,52.619998931884766,4967400
2020-02-06,42.43689727783203,51.709999084472656,52.5,51.560001373291016,52.31999969482422,4006900
2020-02-07,42.592830657958984,51.900001525878906,51.959999084472656,51.47999954223633,51.77000045776367,2470800
2020-02-10,42.9703369140625,52.36000061035156,52.47999954223633,51.84000015258789,51.900001525878906,2147900
2020-02-11,43.29859924316406,52.7599983215332,52.869998931884766,52.2599983215332,52.40999984741211,2731900
2020-02-12,43.43811798095703,52.93000030517578,53.04999923706055,52.540000915527344,52.75,3174200
2020-02-13,43.487361907958984,52.9900016784668,53.029998779296875,52.52000045776367,52.900001525878906,2405900
2020-02-14,43.749969482421875,53.310001373291016,53.77000045776367,53.04999923706055,53.16999816894531,2525400
2020-02-18,43.938716888427734,53.540000915527344,53.779998779296875,52.5,52.5,3181500
2020-02-19,43.692527770996094,53.2400016784668,53.56999969482422,52.83000183105469,53.560001373291016,4543100
2020-02-20,44.42292404174805,54.130001068115234,54.15999984741211,53.0099983215332,53.20000076293945,4830500
2020-02-21,44.25058364868164,53.91999816894531,55.18000030517578,53.880001068115234,54.029998779296875,5010600
2020-02-24,44.08644104003906,53.720001220703125,53.91999816894531,53.0,53.31999969482422,4159600
2020-02-25,43.10984420776367,52.529998779296875,53.959999084472656,52.47999954223633,53.68000030517578,3947500
2020-02-26,42.7897834777832,52.13999938964844,53.599998474121094,52.13999938964844,52.7599983215332,3366700
2020-02-27,41.1484489440918,50.13999938964844,52.2599983215332,50.130001068115234,51.810001373291016,5097500
2020-02-28,40.21286392211914,49.0,49.0099983215332,46.59000015258789,48.869998931884766,10113000
2020-03-02,42.19069290161133,51.40999984741211,51.40999984741211,48.86000061035156,49.209999084472656,7603400
2020-03-03,42.387657165527344,51.650001525878906,53.060001373291016,51.060001373291016,51.400001525878906,7073000
2020-03-04,44.45574188232422,54.16999816894531,54.16999816894531,52.29999923706055,52.4900016784668,4298100
2020-03-05,44.562435150146484,54.29999923706055,54.459999084472656,53.189998626708984,53.439998626708984,5406600
2020-03-06,44.94813919067383,54.77000045776367,55.02000045776367,52.439998626708984,52.599998474121094,6130000
2020-03-09,44.431121826171875,54.13999938964844,55.02000045776367,51.630001068115234,51.66999816894531,8204100
2020-03-10,44.39009475708008,54.09000015258789,55.68000030517578,51.869998931884766,54.66999816894531,7927800
2020-03-11,43.38887405395508,52.869998931884766,53.349998474121094,51.349998474121094,52.86000061035156,8693500
2020-03-12,41.033546447753906,50.0,50.869998931884766,47.529998779296875,49.20000076293945,9145700
2020-03-13,43.88948440551758,53.47999954223633,53.75,50.02000045776367,52.95000076293945,9723900
2020-03-16,43.80741882324219,53.380001068115234,55.86000061035156,48.75,49.400001525878906,13060100
2020-03-17,48.96944046020508,59.66999816894531,60.0,52.93000030517578,53.959999084472656,17279000
2020-03-18,47.39375305175781,57.75,59.959999084472656,54.060001373291016,57.650001525878906,11170500
2020-03-19,44.05362319946289,53.68000030517578,58.72999954223633,53.189998626708984,58.189998626708984,7293600
2020-03-20,43.799198150634766,53.369998931884766,54.279998779296875,51.220001220703125,53.0,11007300
2020-03-23,38.80131530761719,47.279998779296875,53.36000061035156,46.880001068115234,52.34000015258789,8448300
2020-03-24,39.580955505371094,48.22999954223633,50.18000030517578,47.11000061035156,49.029998779296875,7348200
2020-03-25,39.104976654052734,47.650001525878906,49.20000076293945,46.95000076293945,48.119998931884766,6019500
2020-03-26,41.033546447753906,50.0,50.5,47.380001068115234,47.810001373291016,5600200
2020-03-27,42.52717208862305,51.81999969482422,52.5,48.900001525878906,48.9900016784668,6662000
2020-03-30,44.3983039855957,54.099998474121094,54.150001525878906,52.47999954223633,52.529998779296875,7425700
2020-03-31,43.30679702758789,52.77000045776367,54.4900016784668,52.29999923706055,53.9900016784668,5795300
2020-04-01,43.59403610229492,53.119998931884766,53.970001220703125,51.5099983215332,51.7400016784668,4669300
2020-04-02,45.03842544555664,54.880001068115234,55.02000045776367,52.5,52.599998474121094,4961400
2020-04-03,46.54024887084961,56.709999084472656,56.900001525878906,54.0099983215332,54.20000076293945,6876900
2020-04-06,47.352725982666016,57.70000076293945,58.0,55.900001525878906,56.400001525878906,6353700
2020-04-07,46.31867599487305,56.439998626708984,57.91999816894531,55.56999969482422,57.900001525878906,6516000
2020-04-08,46.136539459228516,55.72999954223633,56.369998931884766,55.18000030517578,56.09000015258789,4553900
2020-04-09,47.519065856933594,57.400001525878906,57.9900016784668,55.369998931884766,55.470001220703125,4270200
2020-04-13,47.742584228515625,57.66999816894531,57.779998779296875,56.31999969482422,57.099998474121094,2707300
2020-04-14,48.719459533691406,58.849998474121094,59.04999923706055,57.720001220703125,58.47999954223633,3999600
2020-04-15,48.885032653808594,59.04999923706055,59.650001525878906,58.52000045776367,59.650001525878906,3824200
2020-04-16,50.24271774291992,60.689998626708984,60.91999816894531,59.189998626708984,59.47999954223633,4632800
2020-04-17,50.226158142089844,60.66999816894531,60.900001525878906,58.7400016784668,60.72999954223633,4952300
2020-04-20,50.30066680908203,60.7599983215332,61.65999984741211,60.04999923706055,60.4900016784668,4189100
2020-04-21,49.48936462402344,59.779998779296875,61.060001373291016,59.5099983215332,60.900001525878906,2695000
2020-04-22,49.82878494262695,60.189998626708984,60.650001525878906,59.66999816894531,59.93000030517578,2816800
2020-04-23,49.431419372558594,59.709999084472656,60.400001525878906,59.45000076293945,59.81999969482422,3167900
2020-04-24,50.06886291503906,60.47999954223633,60.599998474121094,59.439998626708984,60.08000183105469,3215300
2020-04-27,49.65493392944336,59.97999954223633,60.97999954223633,59.95000076293945,60.619998931884766,3134100
2020-04-28,50.46622848510742,60.959999084472656,61.2599983215332,60.029998779296875,60.27000045776367,4588400
2020-04-29,49.91984939575195,60.29999923706055,61.40999984741211,60.11000061035156,60.650001525878906,4115100
2020-04-30,49.580421447753906,59.88999938964844,60.81999969482422,59.540000915527344,60.5,3263000
2020-05-01,49.32379150390625,59.58000183105469,60.54999923706055,59.11000061035156,59.5,2606300
2020-05-04,49.44797897338867,59.72999954223633,60.060001373291016,58.790000915527344,59.84000015258789,2266200
2020-05-05,49.51420211791992,59.810001373291016,60.45000076293945,59.45000076293945,59.70000076293945,2344500
2020-05-06,48.81880187988281,58.970001220703125,60.38999938964844,58.939998626708984,59.970001220703125,2791600
2020-05-07,48.65323257446289,58.77000045776367,59.5,58.47999954223633,59.38999938964844,2576100
2020-05-08,49.47281265258789,59.7599983215332,60.0,58.900001525878906,59.38999938964844,2039600
2020-05-11,50.34206008911133,60.810001373291016,61.29999923706055,59.900001525878906,59.970001220703125,2957900
2020-05-12,51.74942398071289,62.5099983215332,62.75,61.13999938964844,61.290000915527344,4541900
2020-05-13,52.61866760253906,63.560001373291016,64.2300033569336,62.54999923706055,62.63999938964844,5467300
2020-05-14,51.501060485839844,62.209999084472656,64.30999755859375,61.58000183105469,63.72999954223633,4164000
2020-05-15,51.73286437988281,62.4900016784668,63.43000030517578,62.13999938964844,62.209999084472656,4684900
2020-05-18,50.97950744628906,61.58000183105469,63.040000915527344,61.279998779296875,63.02000045776367,3334300
2020-05-19,50.27583312988281,60.72999954223633,62.0,60.65999984741211,61.83000183105469,2579900
2020-05-20,50.441402435302734,60.93000030517578,61.349998474121094,60.27000045776367,61.06999969482422,2206100
2020-05-21,49.63009262084961,59.95000076293945,60.88999938964844,59.38999938964844,60.88999938964844,3384600
2020-05-22,49.63837432861328,59.959999084472656,60.040000915527344,59.47999954223633,59.790000915527344,2089500
2020-05-26,49.60527038574219,59.91999816894531,60.369998931884766,59.58000183105469,59.97999954223633,3530600
2020-05-27,50.35033416748047,60.81999969482422,60.84000015258789,59.47999954223633,59.54999923706055,3316500
2020-05-28,51.25270080566406,61.90999984741211,62.08000183105469,61.31999969482422,61.36000061035156,2793100
2020-05-29,52.18818664550781,63.040000915527344,63.33000183105469,61.880001068115234,62.220001220703125,5433800
2020-06-01,52.60211181640625,63.540000915527344,64.0,62.7599983215332,62.93000030517578,2524200
2020-06-02,52.50278091430664,63.41999816894531,63.529998779296875,62.619998931884766,63.43000030517578,3560400
2020-06-03,50.888450622558594,61.470001220703125,63.650001525878906,61.40999984741211,63.59000015258789,3509200
2020-06-04,50.30066680908203,60.7599983215332,61.20000076293945,59.709999084472656,60.779998779296875,5792000
2020-06-05,50.499351501464844,61.0,61.150001525878906,58.959999084472656,60.65999984741211,5489900
2020-06-08,51.443115234375,62.13999938964844,62.29999923706055,59.93000030517578,60.04999923706055,4558400
2020-06-09,52.00605010986328,62.81999969482422,63.0,61.2400016784668,62.279998779296875,8080300
2020-06-10,51.972938537597656,62.779998779296875,63.52000045776367,62.650001525878906,63.040000915527344,4618500
2020-06-11,50.15165710449219,60.58000183105469,62.88999938964844,60.400001525878906,62.220001220703125,4042700
2020-06-12,49.795677185058594,60.150001525878906,60.95000076293945,59.650001525878906,60.720001220703125,4259000
2020-06-15,50.39173126220703,60.869998931884766,60.869998931884766,59.040000915527344,59.849998474121094,5598500
2020-06-16,51.15336608886719,61.790000915527344,61.86000061035156,60.779998779296875,61.40999984741211,3749000
2020-06-17,51.16164779663086,61.79999923706055,62.279998779296875,61.5099983215332,61.790000915527344,3290600
2020-06-18,51.128517150878906,61.7599983215332,62.099998474121094,61.2400016784668,61.63999938964844,2871700
2020-06-19,50.97950744628906,61.58000183105469,62.40999984741211,61.040000915527344,62.36000061035156,13648500
2020-06-22,50.92984390258789,61.52000045776367,61.9900016784668,61.279998779296875,61.70000076293945,2297600
2020-06-23,50.499351501464844,61.0,62.16999816894531,60.95000076293945,61.91999816894531,3234400
2020-06-24,49.91157150268555,60.290000915527344,60.79999923706055,59.40999984741211,60.59000015258789,4327600
2020-06-25,49.9446907043457,60.33000183105469,60.54999923706055,59.72999954223633,60.290000915527344,3076200
2020-06-26,49.017478942871094,59.209999084472656,61.060001373291016,59.15999984741211,60.58000183105469,5593400
2020-06-29,50.28411865234375,60.7400016784668,61.040000915527344,59.63999938964844,59.68000030517578,4282300
2020-06-30,51.03746032714844,61.650001525878906,61.650001525878906,60.25,61.27000045776367,5646500
2020-07-01,50.0274658203125,60.43000030517578,61.099998474121094,59.66999816894531,60.47999954223633,6906800
2020-07-02,50.896724700927734,61.47999954223633,62.06999969482422,60.849998474121094,61.119998931884766,5715000
2020-07-06,51.4845085144043,62.189998626708984,62.38999938964844,61.13999938964844,61.790000915527344,5791100
2020-07-07,52.138519287109375,62.97999954223633,63.29999923706055,62.08000183105469,62.22999954223633,4820100
2020-07-08,52.10538864135742,62.939998626708984,63.150001525878906,62.59000015258789,62.880001068115234,4059900
2020-07-09,52.18882751464844,62.54999923706055,62.95000076293945,62.130001068115234,62.369998931884766,3289600
2020-07-10,53.023189544677734,63.54999923706055,63.599998474121094,62.59000015258789,62.75,3640100
2020-07-13,53.03153610229492,63.560001373291016,64.9800033569336,63.540000915527344,63.70000076293945,5406300
2020-07-14,54.374839782714844,65.16999816894531,65.29000091552734,63.599998474121094,63.630001068115234,4604500
2020-07-15,53.89925003051758,64.5999984741211,65.41000366210938,64.52999877929688,65.2300033569336,3837900
2020-07-16,53.97435760498047,64.69000244140625,65.29000091552734,64.5,64.61000061035156,3268600
2020-07-17,53.9326286315918,64.63999938964844,65.12000274658203,64.58000183105469,65.04000091552734,5570200
2020-07-20,53.09828186035156,63.63999938964844,64.6500015258789,63.43000030517578,64.44999694824219,3519500
2020-07-21,53.81582260131836,64.5,64.9800033569336,63.599998474121094,63.599998474121094,2800200
2020-07-22,53.9993782043457,64.72000122070312,64.76000213623047,63.7599983215332,64.5,2030000
2020-07-23,54.22465515136719,64.98999786376953,65.43000030517578,64.66000366210938,65.0,2214000
2020-07-24,53.59055709838867,64.2300033569336,65.4800033569336,63.959999084472656,65.01000213623047,2779400
2020-07-27,53.46540832519531,64.08000183105469,64.36000061035156,63.540000915527344,64.19999694824219,3150900
2020-07-28,53.84919357299805,64.54000091552734,64.93000030517578,64.13999938964844,64.18000030517578,2950600
2020-07-29,53.707359313964844,64.37000274658203,64.93000030517578,64.01000213623047,64.69999694824219,2131000
2020-07-30,52.96478271484375,63.47999954223633,64.4000015258789,63.029998779296875,64.11000061035156,2663300
2020-07-31,52.78956604003906,63.27000045776367,63.88999938964844,62.36000061035156,63.06999969482422,7101800
2020-08-03,53.89925003051758,64.5999984741211,64.81999969482422,63.81999969482422,63.81999969482422,2580400
2020-08-04,54.85042190551758,65.73999786376953,66.13999938964844,64.41000366210938,64.44000244140625,3823900
2020-08-05,53.74907684326172,64.41999816894531,65.69000244140625,64.04000091552734,65.5,2837900
2020-08-06,53.5488395690918,64.18000030517578,64.81999969482422,63.95000076293945,64.30000305175781,1607200
2020-08-07,53.69068145751953,64.3499984741211,64.45999908447266,63.77000045776367,63.93000030517578,1847000
2020-08-10,53.190059661865234,63.75,64.30999755859375,63.5099983215332,64.26000213623047,2250700
2020-08-11,51.84675216674805,62.13999938964844,63.900001525878906,62.0099983215332,63.869998931884766,4117400
2020-08-12,52.61434555053711,63.060001373291016,63.540000915527344,62.2400016784668,62.2599983215332,2131400
2020-08-13,52.53926467895508,62.970001220703125,63.33000183105469,62.56999969482422,62.939998626708984,1241400
2020-08-14,52.78956604003906,63.27000045776367,63.599998474121094,62.95000076293945,63.11000061035156,2104000
2020-08-17,53.63226318359375,64.27999877929688,64.4000015258789,63.18000030517578,63.380001068115234,1910100
2020-08-18,53.924285888671875,64.62999725341797,65.05999755859375,63.66999816894531,64.2699966430664,2073800
2020-08-19,53.782447814941406,64.45999908447266,64.9800033569336,64.41999816894531,64.8499984741211,1665000
2020-08-20,53.573856353759766,64.20999908447266,64.4800033569336,63.93000030517578,64.20999908447266,1266600
2020-08-21,53.41532897949219,64.0199966430664,64.26000213623047,63.369998931884766,64.26000213623047,1786200
2020-08-24,53.507102966308594,64.12999725341797,64.2300033569336,63.52000045776367,64.0199966430664,1431000
2020-08-25,53.315216064453125,63.900001525878906,64.5999984741211,63.77000045776367,64.58999633789062,1735700
2020-08-26,53.607242584228516,64.25,64.3499984741211,63.630001068115234,63.66999816894531,2229900
2020-08-27,53.99103546142578,64.70999908447266,65.16000366210938,64.38999938964844,64.5,2158800
2020-08-28,52.88969802856445,63.38999938964844,64.70999908447266,63.0,64.70999908447266,2982900
2020-08-31,53.356929779052734,63.95000076293945,64.16000366210938,63.290000915527344,63.31999969482422,2646200
2020-09-01,52.66442108154297,63.119998931884766,64.08000183105469,62.4900016784668,63.91999816894531,2539000
2020-09-02,53.81582260131836,64.5,64.7300033569336,62.95000076293945,63.060001373291016,2669100
2020-09-03,52.53926467895508,62.970001220703125,65.5199966430664,62.400001525878906,64.44999694824219,3408500
2020-09-04,52.68943786621094,63.150001525878906,63.439998626708984,62.349998474121094,62.939998626708984,2566400
2020-09-08,49.66074752807617,59.52000045776367,63.349998474121094,59.150001525878906,63.0,5062200
2020-09-09,50.0445442199707,59.97999954223633,60.779998779296875,59.52000045776367,60.130001068115234,4654500
2020-09-10,48.80136489868164,58.4900016784668,60.130001068115234,58.380001068115234,59.86000061035156,3399800
2020-09-11,48.843074798583984,58.540000915527344,59.04999923706055,57.84000015258789,58.599998474121094,3557400
2020-09-14,49.02663803100586,58.7599983215332,59.63999938964844,58.279998779296875,58.86000061035156,3679800
2020-09-15,49.243568420410156,59.02000045776367,59.4900016784668,58.25,58.880001068115234,2522900
2020-09-16,49.01829147338867,58.75,59.540000915527344,58.66999816894531,59.189998626708984,2432400
2020-09-17,48.042083740234375,57.58000183105469,58.599998474121094,57.31999969482422,58.380001068115234,4270100
2020-09-18,47.82516098022461,57.31999969482422,58.060001373291016,57.150001525878906,57.33000183105469,4671000
2020-09-21,48.284053802490234,57.869998931884766,58.20000076293945,56.91999816894531,57.0,3401200
2020-09-22,48.384178161621094,57.9900016784668,58.77000045776367,57.630001068115234,58.0099983215332,3821200
2020-09-23,48.158905029296875,57.720001220703125,59.369998931884766,57.47999954223633,58.70000076293945,5711100
2020-09-24,48.97657012939453,58.70000076293945,59.31999969482422,57.97999954223633,58.099998474121094,4351700
2020-09-25,49.785888671875,59.66999816894531,60.279998779296875,59.290000915527344,59.7599983215332,5859800
2020-09-28,49.97780227661133,59.900001525878906,60.5,59.150001525878906,59.869998931884766,2781700
2020-09-29,49.944419860839844,59.86000061035156,60.2400016784668,59.43000030517578,59.869998931884766,2246100
2020-09-30,51.46294403076172,61.68000030517578,62.029998779296875,59.790000915527344,59.93000030517578,7706300
2020-10-01,52.20552062988281,62.56999969482422,62.68000030517578,60.77000045776367,61.810001373291016,6250800
2020-10-02,52.16379928588867,62.52000045776367,63.290000915527344,61.97999954223633,62.349998474121094,4497500
2020-10-05,52.297306060791016,62.68000030517578,63.029998779296875,62.25,62.40999984741211,2519900
2020-10-06,51.08747863769531,61.22999954223633,62.619998931884766,60.970001220703125,62.38999938964844,3363100
2020-10-07,51.387855529785156,61.59000015258789,61.86000061035156,60.79999923706055,61.5,3213400
2020-10-08,51.6486701965332,61.38999938964844,61.59000015258789,60.7400016784668,61.2599983215332,2459400
2020-10-09,52.05249786376953,61.869998931884766,62.22999954223633,61.130001068115234,61.5099983215332,3061500
2020-10-12,52.45634078979492,62.349998474121094,62.86000061035156,61.79999923706055,62.0099983215332,2232000
2020-10-13,52.767608642578125,62.720001220703125,62.869998931884766,62.16999816894531,62.36000061035156,2934800
2020-10-14,52.237586975097656,62.09000015258789,62.939998626708984,61.90999984741211,62.689998626708984,1759700
2020-10-15,52.75078582763672,62.70000076293945,62.9900016784668,61.540000915527344,62.04999923706055,2203100
2020-10-16,52.47315979003906,62.369998931884766,62.900001525878906,62.31999969482422,62.86000061035156,2884000
2020-10-19,51.564537048339844,61.290000915527344,62.58000183105469,61.150001525878906,62.380001068115234,2200900
2020-10-20,51.42150115966797,61.119998931884766,61.7599983215332,60.970001220703125,61.599998474121094,2332100
2020-10-21,51.29530715942383,60.970001220703125,61.41999816894531,60.72999954223633,60.72999954223633,1551700
2020-10-22,51.58135986328125,61.310001373291016,61.470001220703125,60.310001373291016,60.77000045776367,1836600
2020-10-23,51.97677230834961,61.779998779296875,61.970001220703125,61.189998626708984,61.650001525878906,1443600
2020-10-26,51.30372619628906,60.97999954223633,61.939998626708984,60.65999984741211,61.75,2652000
2020-10-27,51.42150115966797,61.119998931884766,61.709999084472656,60.810001373291016,60.88999938964844,2305400
2020-10-28,50.07539749145508,59.52000045776367,61.060001373291016,59.470001220703125,60.41999816894531,3556200
2020-10-29,49.822998046875,59.220001220703125,59.95000076293945,58.720001220703125,59.70000076293945,2567600
2020-10-30,49.738868713378906,59.119998931884766,59.630001068115234,58.66999816894531,59.0099983215332,2501800
2020-11-02,50.2520751953125,59.72999954223633,60.56999969482422,59.439998626708984,59.790000915527344,2554700
2020-11-03,51.228004455566406,60.88999938964844,61.709999084472656,60.150001525878906,60.150001525878906,2149500
2020-11-04,50.87465286254883,60.470001220703125,61.779998779296875,60.40999984741211,61.4900016784668,2580000
2020-11-05,50.95037078857422,60.560001373291016,61.68000030517578,60.52000045776367,60.959999084472656,2466200
2020-11-06,51.37944793701172,61.06999969482422,61.36000061035156,60.5,60.61000061035156,1986700
2020-11-09,49.09946823120117,58.36000061035156,61.66999816894531,58.29999923706055,61.060001373291016,4560800
2020-11-10,49.57059860229492,58.91999816894531,58.970001220703125,57.2400016784668,58.220001220703125,6858600
2020-11-11,50.38668441772461,59.88999938964844,60.209999084472656,58.4900016784668,59.0099983215332,3771300
2020-11-12,50.891475677490234,60.4900016784668,60.5,58.97999954223633,60.220001220703125,4467100
2020-11-13,51.29530715942383,60.970001220703125,61.09000015258789,60.25,60.65999984741211,1907500
2020-11-16,51.497222900390625,61.209999084472656,61.27000045776367,59.88999938964844,60.72999954223633,3620600
2020-11-17,51.556121826171875,61.279998779296875,61.540000915527344,60.529998779296875,61.0,3657900
2020-11-18,51.42991638183594,61.130001068115234,62.0,60.849998474121094,61.20000076293945,4061800
2020-11-19,52.161865234375,62.0,62.02000045776367,60.5,60.91999816894531,2551500
2020-11-20,51.62342071533203,61.36000061035156,62.36000061035156,60.88999938964844,61.95000076293945,3097000
2020-11-23,51.33738327026367,61.02000045776367,61.439998626708984,60.689998626708984,61.22999954223633,2957300
2020-11-24,50.958778381347656,60.56999969482422,61.54999923706055,60.209999084472656,61.54999923706055,3728700
2020-11-25,50.47922897338867,60.0,61.09000015258789,59.93000030517578,60.7400016784668,3285200
2020-11-27,50.5886116027832,60.130001068115234,60.349998474121094,59.810001373291016,60.349998474121094,1376100
2020-11-30,51.16911315917969,60.81999969482422,60.849998474121094,59.619998931884766,60.09000015258789,4468200
2020-12-01,51.58135986328125,61.310001373291016,61.43000030517578,60.45000076293945,60.70000076293945,3298400
2020-12-02,50.66432189941406,60.220001220703125,61.84000015258789,59.95000076293945,61.209999084472656,3716300
2020-12-03,50.84941101074219,60.439998626708984,60.630001068115234,59.91999816894531,60.150001525878906,3162000
2020-12-04,50.84941101074219,60.439998626708984,60.810001373291016,60.0099983215332,60.310001373291016,3298400
2020-12-07,50.26048278808594,59.7400016784668,60.56999969482422,59.52000045776367,60.369998931884766,3166600
2020-12-08,50.815757751464844,60.400001525878906,60.529998779296875,59.59000015258789,59.63999938964844,2626900
2020-12-09,49.91554260253906,59.33000183105469,60.459999084472656,59.099998474121094,60.279998779296875,3923100
2020-12-10,49.528533935546875,58.869998931884766,59.63999938964844,58.529998779296875,59.36000061035156,3685100
2020-12-11,49.90713119506836,59.31999969482422,59.459999084472656,58.630001068115234,58.790000915527344,2351800
2020-12-14,49.9323616027832,59.349998474121094,60.439998626708984,59.33000183105469,59.70000076293945,3582800
2020-12-15,49.663150787353516,59.029998779296875,59.59000015258789,58.540000915527344,59.58000183105469,3465200
2020-12-16,49.57059860229492,58.91999816894531,59.65999984741211,58.66999816894531,59.0099983215332,4057900
2020-12-17,50.226829528808594,59.70000076293945,60.15999984741211,58.52000045776367,59.310001373291016,5089900
2020-12-18,49.97443771362305,59.400001525878906,60.20000076293945,59.060001373291016,59.650001525878906,6367400
2020-12-21,49.629493713378906,58.9900016784668,59.310001373291016,58.18000030517578,59.099998474121094,3196900
2020-12-22,49.30137634277344,58.599998474121094,58.959999084472656,58.290000915527344,58.900001525878906,2771000
2020-12-23,49.629493713378906,58.9900016784668,59.25,58.619998931884766,58.66999816894531,2521100
2020-12-24,49.74728012084961,59.130001068115234,59.15999984741211,58.619998931884766,58.75,1127400
2020-12-28,49.9323616027832,59.349998474121094,59.41999816894531,58.91999816894531,59.220001220703125,2659000
2020-12-29,49.76411056518555,59.150001525878906,59.81999969482422,58.959999084472656,59.400001525878906,2328900
2020-12-30,49.26772689819336,58.560001373291016,59.220001220703125,58.529998779296875,59.060001373291016,1955600
2020-12-31,49.469642639160156,58.79999923706055,58.869998931884766,58.099998474121094,58.529998779296875,3378200
2021-01-04,49.663150787353516,59.029998779296875,59.189998626708984,57.810001373291016,58.58000183105469,4513500
2021-01-05,49.71363067626953,59.09000015258789,59.650001525878906,58.54999923706055,58.959999084472656,2739000
2021-01-06,49.587425231933594,58.939998626708984,59.58000183105469,58.81999969482422,58.97999954223633,3630200
2021-01-07,49.18006896972656,57.95000076293945,58.81999969482422,57.939998626708984,58.5,3395700
2021-01-08,47.86463928222656,56.400001525878906,58.09000015258789,56.220001220703125,58.0,6715100
2021-01-11,47.16025161743164,55.56999969482422,56.66999816894531,55.400001525878906,56.380001068115234,5552000
2021-01-12,46.1418571472168,54.369998931884766,55.5099983215332,53.959999084472656,55.45000076293945,10158700
2021-01-13,47.00749206542969,55.38999938964844,55.790000915527344,54.13999938964844,54.560001373291016,8174900
2021-01-14,47.313011169433594,55.75,55.7599983215332,54.47999954223633,55.41999816894531,6436300
2021-01-15,47.728858947753906,56.2400016784668,56.66999816894531,55.150001525878906,55.720001220703125,8579300
2021-01-19,47.245121002197266,55.66999816894531,56.630001068115234,55.630001068115234,56.619998931884766,3898300
2021-01-20,46.96506118774414,55.34000015258789,55.68000030517578,54.52000045776367,55.619998931884766,4428400
2021-01-21,46.92263412475586,55.290000915527344,55.529998779296875,54.90999984741211,55.279998779296875,3058600
2021-01-22,47.499717712402344,55.970001220703125,56.09000015258789,54.7599983215332,55.18000030517578,4745400
2021-01-25,49.137638092041016,57.900001525878906,58.290000915527344,55.88999938964844,55.91999816894531,6958800
2021-01-26,50.181495666503906,59.130001068115234,59.220001220703125,57.400001525878906,57.86000061035156,6024900
2021-01-27,51.259300231933594,60.400001525878906,61.459999084472656,59.0099983215332,59.099998474121094,7344900
2021-01-28,50.37668228149414,59.36000061035156,61.20000076293945,58.56999969482422,60.349998474121094,7919100
2021-01-29,49.30736541748047,58.099998474121094,60.189998626708984,57.97999954223633,59.25,7118900
2021-02-01,48.840606689453125,57.54999923706055,58.4900016784668,57.04999923706055,58.119998931884766,5139500
2021-02-02,48.90000534057617,57.619998931884766,58.349998474121094,57.08000183105469,57.900001525878906,3811000
2021-02-03,48.22107696533203,56.81999969482422,57.70000076293945,56.41999816894531,57.459999084472656,3793400
2021-02-04,48.28897476196289,56.900001525878906,57.529998779296875,56.279998779296875,56.75,3195000
2021-02-05,48.71330642700195,57.400001525878906,57.65999984741211,56.65999984741211,56.97999954223633,3166900
2021-02-08,48.96791458129883,57.70000076293945,57.779998779296875,57.20000076293945,57.5,2990500
2021-02-09,48.942440032958984,57.66999816894531,58.099998474121094,57.349998474121094,57.939998626708984,1744100
2021-02-10,49.298885345458984,58.09000015258789,58.18000030517578,57.45000076293945,58.0099983215332,2704900
2021-02-11,48.297462463378906,56.90999984741211,58.16999816894531,56.70000076293945,58.150001525878906,2893100
2021-02-12,48.475677490234375,57.119998931884766,57.150001525878906,56.380001068115234,56.81999969482422,3422700
2021-02-16,47.77128219604492,56.290000915527344,56.900001525878906,55.869998931884766,56.790000915527344,4162300
2021-02-17,48.212589263916016,56.810001373291016,56.86000061035156,55.869998931884766,56.040000915527344,3022700
2021-02-18,49.23948669433594,58.02000045776367,58.400001525878906,56.63999938964844,56.779998779296875,3027600
2021-02-19,47.949501037597656,56.5,58.130001068115234,56.47999954223633,58.02000045776367,3381600
2021-02-22,47.6694450378418,56.16999816894531,56.619998931884766,55.56999969482422,56.529998779296875,3878900
2021-02-23,48.22107696533203,56.81999969482422,57.060001373291016,55.95000076293945,56.310001373291016,3249700
2021-02-24,47.69490432739258,56.20000076293945,56.90999984741211,56.15999984741211,56.790000915527344,3648400
2021-02-25,47.38938522338867,55.84000015258789,56.84000015258789,55.58000183105469,56.279998779296875,3846800
2021-02-26,46.68499755859375,55.0099983215332,56.130001068115234,54.869998931884766,55.93000030517578,5642500
2021-03-01,46.45586395263672,54.7400016784668,55.52000045776367,54.630001068115234,55.13999938964844,5634800
2021-03-02,46.73591995239258,55.06999969482422,55.310001373291016,54.310001373291016,54.880001068115234,4198600
2021-03-03,46.583152770996094,54.88999938964844,55.33000183105469,54.61000061035156,54.869998931884766,3459500
2021-03-04,46.92263412475586,55.290000915527344,56.31999969482422,54.900001525878906,54.9900016784668,5633900
2021-03-05,48.1871337890625,56.779998779296875,57.060001373291016,55.279998779296875,55.56999969482422,6444300
2021-03-08,49.018829345703125,57.7599983215332,58.29999923706055,56.59000015258789,57.0099983215332,3993600
2021-03-09,48.71330642700195,57.400001525878906,58.40999984741211,57.27000045776367,57.68000030517578,3634800
2021-03-10,49.69775390625,58.560001373291016,59.2599983215332,56.90999984741211,57.56999969482422,6827700
2021-03-11,49.332828521728516,58.130001068115234,58.880001068115234,58.119998931884766,58.310001373291016,4993000
2021-03-12,49.85900115966797,58.75,58.83000183105469,57.97999954223633,58.09000015258789,4302300
2021-03-15,50.0881462097168,59.02000045776367,59.2599983215332,58.59000015258789,59.15999984741211,4426300
2021-03-16,50.39365768432617,59.380001068115234,59.720001220703125,58.849998474121094,59.0,3880900
2021-03-17,50.40214538574219,59.38999938964844,59.880001068115234,59.15999984741211,59.540000915527344,3536800
2021-03-18,50.834964752197266,59.900001525878906,60.20000076293945,59.18000030517578,59.18000030517578,4229700
2021-03-19,50.9792366027832,60.06999969482422,60.43000030517578,59.630001068115234,59.849998474121094,8212200
2021-03-22,52.150390625,61.45000076293945,61.630001068115234,59.560001373291016,59.91999816894531,6493600
2021-03-23,51.92974090576172,61.189998626708984,62.02000045776367,61.0,61.70000076293945,5231700
2021-03-24,49.7486686706543,58.619998931884766,59.47999954223633,57.810001373291016,58.52000045776367,10643100
2021-03-25,50.52095413208008,59.529998779296875,60.27000045776367,58.150001525878906,58.47999954223633,6369200
2021-03-26,51.743038177490234,60.970001220703125,61.150001525878906,58.72999954223633,59.59000015258789,5314600
2021-03-29,53.032997131347656,62.4900016784668,62.599998474121094,61.0,61.06999969482422,6452900
2021-03-30,52.43894577026367,61.790000915527344,62.70000076293945,61.66999816894531,62.65999984741211,4835700
2021-03-31,52.04006576538086,61.31999969482422,62.2400016784668,61.15999984741211,61.52000045776367,5734500
2021-04-01,51.70059585571289,60.91999816894531,61.47999954223633,60.18000030517578,61.209999084472656,7171200
2021-04-05,52.21828842163086,61.529998779296875,62.0099983215332,61.0099983215332,61.06999969482422,4473200
2021-04-06,52.39649963378906,61.7400016784668,62.060001373291016,61.130001068115234,61.36000061035156,4969600
2021-04-07,52.0994758605957,61.38999938964844,62.099998474121094,61.16999816894531,61.86000061035156,3846300
2021-04-08,52.15937042236328,60.95000076293945,61.27000045776367,60.7400016784668,60.9900016784668,3236700
2021-04-09,51.45764923095703,60.130001068115234,61.20000076293945,59.63999938964844,61.0,3895700
2021-04-12,52.176490783691406,60.970001220703125,61.04999923706055,60.25,60.2599983215332,3445700
2021-04-13,51.92831802368164,60.68000030517578,61.459999084472656,60.68000030517578,60.91999816894531,3403000
2021-04-14,51.8684196472168,60.61000061035156,60.81999969482422,60.029998779296875,60.72999954223633,3329900
2021-04-15,51.81706619262695,60.54999923706055,61.209999084472656,60.4900016784668,60.77000045776367,4159100
2021-04-16,52.45890426635742,61.29999923706055,61.33000183105469,60.529998779296875,60.83000183105469,9941800
2021-04-19,52.45890426635742,61.29999923706055,61.540000915527344,60.619998931884766,61.15999984741211,4160100
2021-04-20,53.31467056274414,62.29999923706055,62.86000061035156,61.130001068115234,61.25,5510900
2021-04-21,53.70833206176758,62.7599983215332,63.16999816894531,62.36000061035156,62.58000183105469,5046200
2021-04-22,53.08361053466797,62.029998779296875,62.75,62.0,62.650001525878906,3676400
2021-04-23,52.424659729003906,61.2599983215332,62.11000061035156,61.119998931884766,61.86000061035156,3117000
2021-04-26,51.80851364135742,60.540000915527344,61.41999816894531,60.439998626708984,61.349998474121094,4074200
2021-04-27,51.80851364135742,60.540000915527344,60.75,60.13999938964844,60.41999816894531,3804100
2021-04-28,52.031005859375,60.79999923706055,61.34000015258789,60.529998779296875,60.900001525878906,2747700
2021-04-29,52.57014465332031,61.43000030517578,61.65999984741211,60.79999923706055,60.869998931884766,3489000
2021-04-30,52.08237075805664,60.86000061035156,61.619998931884766,60.619998931884766,61.52000045776367,4829000
2021-05-03,52.71562576293945,61.599998474121094,62.029998779296875,60.86000061035156,60.86000061035156,3128400
2021-05-04,52.886783599853516,61.79999923706055,62.2599983215332,61.33000183105469,61.81999969482422,3528500
2021-05-05,52.91246795654297,61.83000183105469,61.90999984741211,60.9900016784668,61.65999984741211,2877100
2021-05-06,54.46140670776367,63.63999938964844,64.23999786376953,62.38999938964844,62.5,7476900
2021-05-07,53.95649719238281,63.04999923706055,63.68000030517578,62.400001525878906,63.349998474121094,3574900
2021-05-10,54.62400436401367,63.83000183105469,64.13999938964844,63.15999984741211,63.18000030517578,2431600
2021-05-11,54.007843017578125,63.11000061035156,64.30000305175781,62.81999969482422,64.05999755859375,3651800
2021-05-12,53.879478454589844,62.959999084472656,63.63999938964844,62.75,63.189998626708984,3365600
2021-05-13,54.75236892700195,63.97999954223633,64.6500015258789,62.439998626708984,62.689998626708984,5330900
2021-05-14,54.256019592285156,63.400001525878906,64.6500015258789,63.369998931884766,64.12999725341797,3233300
2021-05-17,53.73399353027344,62.790000915527344,63.61000061035156,62.540000915527344,63.099998474121094,4006400
2021-05-18,53.85381317138672,62.93000030517578,63.16999816894531,62.33000183105469,62.70000076293945,3116100
2021-05-19,53.5713996887207,62.599998474121094,63.040000915527344,62.16999816894531,62.7400016784668,2743100
2021-05-20,53.82813262939453,62.900001525878906,63.380001068115234,62.38999938964844,62.70000076293945,3202100
2021-05-21,54.024967193603516,63.130001068115234,63.880001068115234,62.95000076293945,63.060001373291016,2701000
2021-05-24,53.95649719238281,63.04999923706055,63.63999938964844,63.040000915527344,63.279998779296875,1816300
2021-05-25,53.78534698486328,62.849998474121094,63.20000076293945,62.31999969482422,63.04999923706055,2596100
2021-05-26,53.76823806762695,62.83000183105469,63.099998474121094,62.63999938964844,62.84000015258789,2876800
2021-05-27,53.29755401611328,62.279998779296875,63.40999984741211,62.20000076293945,62.84000015258789,3535400
2021-05-28,53.79390335083008,62.86000061035156,63.2599983215332,62.41999816894531,62.45000076293945,2934400
2021-06-01,53.62275695800781,62.65999984741211,63.400001525878906,62.470001220703125,63.15999984741211,3239600
2021-06-02,54.333045959472656,63.4900016784668,63.869998931884766,62.56999969482422,62.79999923706055,5019700
2021-06-03,54.598323822021484,63.79999923706055,63.93000030517578,63.119998931884766,63.439998626708984,4176900
2021-06-04,54.7951545715332,64.02999877929688,64.4000015258789,63.709999084472656,63.79999923706055,4104500
2021-06-07,54.52987289428711,63.720001220703125,64.18000030517578,63.33000183105469,64.12999725341797,3493200
2021-06-08,54.07631301879883,63.189998626708984,63.880001068115234,63.02000045776367,63.810001373291016,2263100
2021-06-09,53.1606330871582,62.119998931884766,63.060001373291016,61.61000061035156,61.779998779296875,6910800
2021-06-10,53.54573440551758,62.56999969482422,63.0,61.970001220703125,62.13999938964844,2880700
2021-06-11,53.5029411315918,62.52000045776367,62.810001373291016,62.060001373291016,62.68000030517578,2602300
2021-06-14,53.614192962646484,62.650001525878906,62.70000076293945,61.95000076293945,62.400001525878906,2020300
2021-06-15,53.17774963378906,62.13999938964844,62.849998474121094,62.06999969482422,62.75,5381400
2021-06-16,52.330535888671875,61.150001525878906,62.38999938964844,61.11000061035156,62.369998931884766,3842600
2021-06-17,52.28774642944336,61.099998474121094,61.349998474121094,60.40999984741211,61.040000915527344,3149200
2021-06-18,51.14101028442383,59.7599983215332,60.959999084472656,59.7599983215332,60.7599983215332,5416900
2021-06-21,51.4661979675293,60.13999938964844,60.439998626708984,59.779998779296875,60.150001525878906,2926400
2021-06-22,51.526100158691406,60.209999084472656,60.47999954223633,60.0099983215332,60.209999084472656,3433000
2021-06-23,50.670318603515625,59.209999084472656,60.130001068115234,59.20000076293945,60.06999969482422,3058900
2021-06-24,50.618980407714844,59.150001525878906,59.31999969482422,58.83000183105469,59.06999969482422,3121400
2021-06-25,51.029754638671875,59.630001068115234,59.66999816894531,58.959999084472656,59.029998779296875,3047400
2021-06-28,51.81706619262695,60.54999923706055,60.70000076293945,59.720001220703125,59.75,4843300
2021-06-29,51.3720703125,60.029998779296875,60.88999938964844,59.77000045776367,60.59000015258789,3715400
2021-06-30,52.14225769042969,60.93000030517578,61.66999816894531,59.90999984741211,59.95000076293945,7163600
2021-07-01,51.53466033935547,60.220001220703125,61.0,60.11000061035156,60.95000076293945,3446700
2021-07-02,51.53466033935547,60.220001220703125,60.650001525878906,60.11000061035156,60.52000045776367,3086200
2021-07-06,51.20946502685547,59.84000015258789,60.38999938964844,59.61000061035156,60.119998931884766,4172500
2021-07-07,51.68014144897461,60.38999938964844,60.7599983215332,59.70000076293945,59.79999923706055,3793600
2021-07-08,51.49026870727539,59.65999984741211,60.689998626708984,59.459999084472656,59.849998474121094,2755200
2021-07-09,51.5247917175293,59.70000076293945,60.09000015258789,59.5,59.63999938964844,3037300
2021-07-12,51.153682708740234,59.27000045776367,59.72999954223633,58.970001220703125,59.65999984741211,2775700
2021-07-13,51.03284454345703,59.130001068115234,59.75,58.97999954223633,59.20000076293945,3538500
2021-07-14,51.153682708740234,59.27000045776367,59.41999816894531,58.540000915527344,58.849998474121094,3681700
2021-07-15,51.59383773803711,59.779998779296875,59.849998474121094,58.959999084472656,59.279998779296875,2448700
2021-07-16,51.826866149902344,60.04999923706055,60.13999938964844,59.7599983215332,59.869998931884766,3324200
2021-07-19,52.41374588012695,60.72999954223633,60.83000183105469,59.529998779296875,60.0099983215332,4381400
2021-07-20,51.714664459228516,59.91999816894531,61.58000183105469,59.880001068115234,60.9900016784668,4422300
2021-07-21,50.91202163696289,58.9900016784668,59.959999084472656,58.91999816894531,59.86000061035156,4272600
2021-07-22,50.74803161621094,58.79999923706055,59.040000915527344,58.43000030517578,58.779998779296875,1934000
2021-07-23,51.26587677001953,59.400001525878906,59.61000061035156,58.560001373291016,58.83000183105469,2466400
2021-07-26,51.19682693481445,59.31999969482422,59.63999938964844,59.209999084472656,59.34000015258789,2171700
2021-07-27,51.395328521728516,59.54999923706055,60.040000915527344,59.130001068115234,59.36000061035156,2337600
2021-07-28,50.765289306640625,58.81999969482422,59.4900016784668,58.65999984741211,59.22999954223633,2844500
2021-07-29,50.84296798706055,58.90999984741211,59.310001373291016,58.720001220703125,59.0099983215332,2308000
2021-07-30,50.799827575683594,58.86000061035156,59.349998474121094,58.77000045776367,59.099998474121094,3325600
2021-08-02,51.23998260498047,59.369998931884766,59.43000030517578,58.709999084472656,58.84000015258789,3720500
2021-08-03,51.25724792480469,59.38999938964844,59.959999084472656,59.130001068115234,59.369998931884766,2623900
2021-08-04,49.738258361816406,57.630001068115234,59.29999923706055,57.59000015258789,59.29999923706055,4681100
2021-08-05,49.695098876953125,57.58000183105469,57.93000030517578,57.45000076293945,57.56999969482422,2899500
2021-08-06,49.94538116455078,57.869998931884766,58.45000076293945,57.599998474121094,57.599998474121094,3114100
2021-08-09,50.359649658203125,58.349998474121094,58.40999984741211,57.93000030517578,58.04999923706055,1958600
2021-08-10,50.480491638183594,58.4900016784668,58.560001373291016,58.040000915527344,58.22999954223633,2677300
2021-08-11,50.963802337646484,59.04999923706055,59.36000061035156,58.58000183105469,58.65999984741211,2435700
2021-08-12,50.877498626708984,58.95000076293945,59.34000015258789,58.880001068115234,58.970001220703125,2047500
2021-08-13,51.6456184387207,59.84000015258789,59.939998626708984,59.040000915527344,59.20000076293945,2206200
2021-08-16,51.89590835571289,60.130001068115234,60.33000183105469,59.810001373291016,59.91999816894531,2468400
2021-08-17,52.52594757080078,60.86000061035156,61.0099983215332,60.0099983215332,60.189998626708984,2880200
2021-08-18,51.16230010986328,59.279998779296875,60.72999954223633,59.22999954223633,60.68000030517578,3578300
2021-08-19,51.89590835571289,60.130001068115234,60.25,59.290000915527344,59.29999923706055,2620400
2021-08-20,52.04262161254883,60.29999923706055,60.84000015258789,59.900001525878906,60.33000183105469,3151700
2021-08-23,51.438480377197266,59.599998474121094,60.20000076293945,59.54999923706055,60.16999816894531,2275900
2021-08-24,50.420074462890625,58.41999816894531,59.5099983215332,58.310001373291016,59.5099983215332,3016800
2021-08-25,50.195674896240234,58.15999984741211,58.38999938964844,57.9900016784668,58.22999954223633,2539200
2021-08-26,49.45344161987305,57.29999923706055,58.029998779296875,57.040000915527344,58.0099983215332,4820200
2021-08-27,49.824562072753906,57.72999954223633,57.81999969482422,56.95000076293945,57.209999084472656,2878100
2021-08-30,49.695098876953125,57.58000183105469,58.0,57.43000030517578,57.58000183105469,2605300
2021-08-31,49.89360046386719,57.810001373291016,57.83000183105469,57.31999969482422,57.63999938964844,6098400
2021-09-01,49.79867935180664,57.70000076293945,58.0099983215332,57.310001373291016,57.91999816894531,2444700
2021-09-02,49.98854064941406,57.91999816894531,58.380001068115234,57.709999084472656,57.709999084472656,2579400
2021-09-03,49.85908126831055,57.77000045776367,58.11000061035156,57.540000915527344,57.959999084472656,2270900
2021-09-07,49.013275146484375,56.790000915527344,57.7400016784668,56.66999816894531,57.58000183105469,3925200
2021-09-08,51.24860763549805,59.380001068115234,59.7400016784668,57.93000030517578,58.0,9179900
2021-09-09,50.44596481323242,58.45000076293945,59.4900016784668,58.439998626708984,59.0099983215332,5723500
2021-09-10,50.428707122802734,58.43000030517578,58.79999923706055,57.83000183105469,58.290000915527344,3640700
2021-09-13,50.601318359375,58.630001068115234,58.79999923706055,57.81999969482422,58.150001525878906,6841400
2021-09-14,50.72214889526367,58.77000045776367,59.22999954223633,58.599998474121094,58.79999923706055,7179200
2021-09-15,50.678985595703125,58.720001220703125,59.2400016784668,58.61000061035156,58.720001220703125,2506100
2021-09-16,50.678985595703125,58.720001220703125,59.2599983215332,58.25,58.75,2533200
2021-09-17,50.85160446166992,58.91999816894531,59.189998626708984,58.29999923706055,58.5099983215332,6750500
2021-09-20,50.70487976074219,58.75,59.209999084472656,58.47999954223633,58.720001220703125,3643200
2021-09-21,50.066219329833984,58.0099983215332,58.47999954223633,57.470001220703125,58.13999938964844,7307700
2021-09-22,51.714664459228516,59.91999816894531,60.709999084472656,58.70000076293945,59.790000915527344,5660300
2021-09-23,52.025360107421875,60.279998779296875,60.63999938964844,59.650001525878906,60.18000030517578,5039800
2021-09-24,52.2497673034668,60.540000915527344,60.72999954223633,60.220001220703125,60.31999969482422,3154500
2021-09-27,51.48163604736328,59.650001525878906,60.91999816894531,59.529998779296875,60.56999969482422,4018900
2021-09-28,51.20545959472656,59.33000183105469,59.959999084472656,58.849998474121094,59.810001373291016,3270100
2021-09-29,52.44826126098633,60.77000045776367,61.25,59.13999938964844,59.13999938964844,4632100
2021-09-30,51.628360748291016,59.81999969482422,61.15999984741211,59.81999969482422,60.869998931884766,4064500
2021-10-01,52.318809509277344,60.619998931884766,60.880001068115234,59.900001525878906,60.810001373291016,4769200
2021-10-04,53.03515625,61.45000076293945,61.58000183105469,60.5,60.59000015258789,4943700
2021-10-05,53.11282730102539,61.540000915527344,61.77000045776367,61.08000183105469,61.43000030517578,4137000
2021-10-06,53.622032165527344,62.130001068115234,62.189998626708984,61.09000015258789,61.5099983215332,3099900
2021-10-07,53.36096954345703,61.31999969482422,61.77000045776367,61.13999938964844,61.70000076293945,3872200
2021-10-08,53.4827995300293,61.459999084472656,62.0099983215332,61.08000183105469,61.36000061035156,2559900
2021-10-11,53.682952880859375,61.689998626708984,62.099998474121094,61.33000183105469,61.4900016784668,2879800
2021-10-12,54.07453918457031,62.13999938964844,62.77000045776367,61.63999938964844,61.84000015258789,4557300
2021-10-13,53.83087921142578,61.86000061035156,62.349998474121094,61.15999984741211,62.0099983215332,3198600
2021-10-14,54.265987396240234,62.36000061035156,62.47999954223633,61.880001068115234,62.02000045776367,2608500
2021-10-15,54.09193801879883,62.15999984741211,62.619998931884766,61.900001525878906,62.47999954223633,6426100
2021-10-18,53.53500747680664,61.52000045776367,62.22999954223633,61.5,62.08000183105469,3164200
2021-10-19,53.682952880859375,61.689998626708984,61.79999923706055,61.2599983215332,61.47999954223633,1945300
2021-10-20,54.570552825927734,62.709999084472656,62.900001525878906,61.779998779296875,61.779998779296875,2645900
2021-10-21,54.37910842895508,62.4900016784668,62.900001525878906,62.15999984741211,62.84000015258789,2267700
2021-10-22,54.54445266723633,62.68000030517578,63.06999969482422,62.45000076293945,62.5,2028900
2021-10-25,53.85698318481445,61.88999938964844,62.560001373291016,61.70000076293945,62.52000045776367,3888400
2021-10-26,54.03102111816406,62.09000015258789,62.31999969482422,61.88999938964844,61.970001220703125,2600000
2021-10-27,53.343570709228516,61.29999923706055,62.65999984741211,61.20000076293945,62.369998931884766,2593100
2021-10-28,53.98751449584961,62.040000915527344,62.150001525878906,61.40999984741211,61.5099983215332,2473300
2021-10-29,53.77866744995117,61.79999923706055,62.470001220703125,61.7599983215332,61.90999984741211,2470400
2021-11-01,54.2050666809082,62.290000915527344,62.38999938964844,61.81999969482422,61.81999969482422,1964300
2021-11-02,54.500938415527344,62.630001068115234,62.79999923706055,62.11000061035156,62.459999084472656,2147000
2021-11-03,54.94474411010742,63.13999938964844,63.2599983215332,62.61000061035156,62.689998626708984,2196400
2021-11-04,54.570552825927734,62.709999084472656,63.400001525878906,62.38999938964844,63.0,2627400
2021-11-05,54.518341064453125,62.650001525878906,62.91999816894531,62.40999984741211,62.79999923706055,2048400
2021-11-08,54.509639739990234,62.63999938964844,62.79999923706055,62.02000045776367,62.65999984741211,1911700
2021-11-09,54.97084426879883,63.16999816894531,63.2599983215332,62.529998779296875,62.88999938964844,1780800
2021-11-10,55.284114837646484,63.529998779296875,63.95000076293945,63.0099983215332,63.38999938964844,2447300
2021-11-11,54.735897064208984,62.900001525878906,63.95000076293945,62.720001220703125,63.2599983215332,2726800
2021-11-12,55.03176498413086,63.2400016784668,63.529998779296875,62.63999938964844,63.04999923706055,2903900
2021-11-15,55.43206024169922,63.70000076293945,63.83000183105469,63.0,63.22999954223633,1751100
2021-11-16,55.049156188964844,63.2599983215332,63.779998779296875,63.22999954223633,63.779998779296875,2020100
2021-11-17,54.92733383178711,63.119998931884766,63.310001373291016,62.900001525878906,63.18000030517578,1925400
2021-11-18,54.735897064208984,62.900001525878906,63.29999923706055,62.619998931884766,62.88999938964844,1844100
2021-11-19,53.98751449584961,62.040000915527344,63.7400016784668,62.0099983215332,63.209999084472656,2656800
2021-11-22,54.7184944152832,62.880001068115234,63.43000030517578,61.880001068115234,62.0,1936600
2021-11-23,55.20579528808594,63.439998626708984,63.689998626708984,62.93000030517578,62.9900016784668,2026000
2021-11-24,55.083980560302734,63.29999923706055,63.68000030517578,62.88999938964844,63.5099983215332,1484500
2021-11-26,54.61406326293945,62.7599983215332,64.08999633789062,62.61000061035156,63.2400016784668,1704100
2021-11-29,55.27541732788086,63.52000045776367,63.54999923706055,62.36000061035156,62.91999816894531,3536300
2021-11-30,53.752559661865234,61.77000045776367,63.34000015258789,61.689998626708984,63.22999954223633,9085800
2021-12-01,53.45669174194336,61.43000030517578,62.560001373291016,61.40999984741211,61.959999084472656,3386500
2021-12-02,54.701087951660156,62.86000061035156,63.11000061035156,61.810001373291016,61.88999938964844,4692100
2021-12-03,55.89326477050781,64.2300033569336,64.23999786376953,63.09000015258789,63.189998626708984,4066800
2021-12-06,56.07600784301758,64.44000244140625,65.05999755859375,64.27999877929688,64.36000061035156,3516300
2021-12-07,56.18914031982422,64.56999969482422,65.0199966430664,63.84000015258789,64.23999786376953,2863800
2021-12-08,55.87586212158203,64.20999908447266,65.02999877929688,63.4900016784668,64.55999755859375,2484500
2021-12-09,55.667015075683594,63.970001220703125,64.36000061035156,63.68000030517578,64.23999786376953,2685700
2021-12-10,56.35447692871094,64.76000213623047,64.9000015258789,64.12999725341797,64.36000061035156,2784300
2021-12-13,57.37260818481445,65.93000030517578,66.16999816894531,64.26000213623047,64.69999694824219,4602000
2021-12-14,57.35521697998047,65.91000366210938,66.27999877929688,65.62000274658203,65.98999786376953,4487700
2021-12-15,58.599605560302734,67.33999633789062,67.38999938964844,66.04000091552734,66.08999633789062,4700700
2021-12-16,59.92231750488281,68.86000061035156,68.87999725341797,66.75,67.13999938964844,4705300
2021-12-17,58.86936569213867,67.6500015258789,69.68000030517578,67.62999725341797,68.79000091552734,6564800
2021-12-20,58.99119567871094,67.79000091552734,68.01000213623047,67.02999877929688,67.12000274658203,3891400
2021-12-21,56.61552810668945,65.05999755859375,65.58000183105469,63.900001525878906,64.5,6915200
2021-12-22,57.17246627807617,65.69999694824219,65.72000122070312,64.58000183105469,65.08999633789062,3885300
2021-12-23,57.424827575683594,65.98999786376953,66.22000122070312,65.83000183105469,66.0,2332100
2021-12-27,57.48573684692383,66.05999755859375,66.37000274658203,65.7300033569336,66.16000366210938,2503100
2021-12-28,58.2080078125,66.88999938964844,66.91999816894531,66.04000091552734,66.04000091552734,1929100
2021-12-29,58.32112503051758,67.0199966430664,67.2699966430664,66.70999908447266,67.08000183105469,1871400
2021-12-30,58.34724426269531,67.05000305175781,67.37000274658203,66.68000030517578,67.19000244140625,1822900
2021-12-31,58.6344108581543,67.37999725341797,67.52999877929688,66.80000305175781,67.01000213623047,2017300
2022-01-03,58.529998779296875,67.26000213623047,67.30999755859375,65.88999938964844,67.19999694824219,4013300
2022-01-04,59.07822036743164,67.88999938964844,68.66000366210938,67.25,67.2699966430664,4659000
2022-01-05,59.87010955810547,68.80000305175781,69.36000061035156,68.0999984741211,68.13999938964844,5202500
2022-01-06,59.60034942626953,68.48999786376953,69.66000366210938,68.36000061035156,68.94999694824219,4417200
2022-01-07,60.117610931396484,68.56999969482422,69.33999633789062,67.69999694824219,68.08999633789062,4973100
2022-01-10,60.29296112060547,68.7699966430664,69.38999938964844,68.5199966430664,68.58999633789062,4442100
2022-01-11,60.082542419433594,68.52999877929688,69.08000183105469,67.4000015258789,68.95999908447266,2891700
2022-01-12,59.907203674316406,68.33000183105469,68.45999908447266,67.76000213623047,68.26000213623047,2919200
2022-01-13,60.40693664550781,68.9000015258789,69.33999633789062,68.06999969482422,68.37000274658203,3010100
2022-01-14,61.28367614746094,69.9000015258789,69.94999694824219,68.79000091552734,68.94000244140625,3466600
2022-01-18,60.72256088256836,69.26000213623047,69.68000030517578,68.51000213623047,69.41999816894531,3332500
2022-01-19,60.62611389160156,69.1500015258789,69.83000183105469,68.77999877929688,69.16000366210938,2611700
2022-01-20,60.03871154785156,68.4800033569336,69.30999755859375,68.43000030517578,69.0999984741211,3801600
2022-01-21,60.520904541015625,69.02999877929688,69.8499984741211,68.77999877929688,69.2300033569336,8034300
2022-01-24,60.100074768066406,68.55000305175781,69.7300033569336,67.26000213623047,68.9800033569336,4706900
2022-01-25,59.91595458984375,68.33999633789062,68.66999816894531,67.44000244140625,68.20999908447266,3968500
2022-01-26,59.442527770996094,67.80000305175781,68.66999816894531,67.44999694824219,68.0,3680400
2022-01-27,59.924720764160156,68.3499984741211,69.12999725341797,67.94999694824219,68.18000030517578,2608600
2022-01-28,60.827762603759766,69.37999725341797,69.4000015258789,67.72000122070312,68.26000213623047,3473700
2022-01-31,60.21405029296875,68.68000030517578,69.05000305175781,68.02999877929688,68.81999969482422,3856800
2022-02-01,59.83705520629883,68.25,68.93000030517578,67.58999633789062,68.72000122070312,3577700
2022-02-02,60.29296112060547,68.7699966430664,69.05000305175781,68.0,68.12000274658203,2898500
2022-02-03,60.538455963134766,69.05000305175781,69.58999633789062,68.66000366210938,68.9800033569336,3600900
2022-02-04,59.5477180480957,67.91999816894531,68.93000030517578,67.31999969482422,68.80000305175781,2823000
2022-02-07,59.74060821533203,68.13999938964844,68.33000183105469,67.48999786376953,68.25,3149600
2022-02-08,59.994873046875,68.43000030517578,68.76000213623047,68.08999633789062,68.44999694824219,2466000
2022-02-09,59.766902923583984,68.16999816894531,68.80000305175781,68.01000213623047,68.55999755859375,2655200
2022-02-10,58.81128692626953,67.08000183105469,68.37999725341797,66.8499984741211,67.95999908447266,4477200
2022-02-11,59.67047882080078,68.05999755859375,68.52999877929688,67.08999633789062,67.22000122070312,4301500
2022-02-14,59.29348373413086,67.62999725341797,68.4800033569336,66.62000274658203,68.2699966430664,3001300
2022-02-15,58.74114990234375,67.0,67.97000122070312,66.80000305175781,67.69000244140625,2688500
2022-02-16,58.53071975708008,66.76000213623047,67.62999725341797,66.22000122070312,66.94999694824219,3060600
2022-02-17,59.43376159667969,67.79000091552734,68.06999969482422,66.62999725341797,66.87000274658203,3177000
2022-02-18,59.7493782043457,68.1500015258789,68.37999725341797,67.5,67.51000213623047,2942400
2022-02-22,59.039215087890625,67.33999633789062,68.58000183105469,66.91999816894531,68.08000183105469,3654300
2022-02-23,58.83759307861328,67.11000061035156,67.66000366210938,67.01000213623047,67.5,2849700
2022-02-24,57.47864532470703,65.55999755859375,67.0199966430664,64.44999694824219,66.86000061035156,4956500
2022-02-25,59.60911178588867,67.98999786376953,68.04000091552734,65.69999694824219,65.7699966430664,3892500
2022-02-28,59.11813735961914,67.43000030517578,67.69000244140625,66.66999816894531,66.98999786376953,6353700
2022-03-01,58.58332443237305,66.81999969482422,67.52999877929688,66.41999816894531,66.9000015258789,3474400
2022-03-02,59.14444351196289,67.45999908447266,67.76000213623047,66.18000030517578,66.55000305175781,3108200
2022-03-03,59.85459518432617,68.2699966430664,68.79000091552734,67.43000030517578,67.63999938964844,3754300
2022-03-04,59.72307586669922,68.12000274658203,68.68000030517578,67.12999725341797,67.31999969482422,4240400
2022-03-07,59.32855224609375,67.66999816894531,68.2699966430664,66.76000213623047,67.61000061035156,4374100
2022-03-08,55.90052032470703,63.7599983215332,67.70999908447266,63.720001220703125,67.36000061035156,6768800
2022-03-09,56.20738220214844,64.11000061035156,65.38999938964844,64.01000213623047,64.4800033569336,3761200
2022-03-10,55.32188034057617,63.099998474121094,63.93000030517578,62.5,63.77000045776367,3560300
2022-03-11,54.59419250488281,62.27000045776367,63.7599983215332,62.20000076293945,63.08000183105469,3535500
2022-03-14,54.85721969604492,62.56999969482422,63.380001068115234,62.15999984741211,62.68000030517578,3156200
2022-03-15,55.47969055175781,63.279998779296875,63.4900016784668,62.7599983215332,63.15999984741211,3143200
2022-03-16,54.92734909057617,62.650001525878906,63.380001068115234,61.90999984741211,63.33000183105469,3631300
2022-03-17,55.427085876464844,63.220001220703125,63.52000045776367,62.38999938964844,62.61000061035156,3712800
2022-03-18,54.7169303894043,62.40999984741211,63.290000915527344,61.66999816894531,63.25,7789800
2022-03-21,55.07639694213867,62.81999969482422,63.34000015258789,62.11000061035156,62.7400016784668,4519300
2022-03-22,54.95364761352539,62.68000030517578,63.18000030517578,61.86000061035156,62.83000183105469,5658200
2022-03-23,56.31259536743164,64.2300033569336,66.30999755859375,63.83000183105469,65.30000305175781,7668400
2022-03-24,58.18003463745117,66.36000061035156,66.6500015258789,64.41999816894531,64.48999786376953,5427200
2022-03-25,59.083065032958984,67.38999938964844,67.83999633789062,66.5,66.63999938964844,4047200
2022-03-28,58.61838912963867,66.86000061035156,67.43000030517578,66.37999725341797,67.3499984741211,2807400
2022-03-29,59.31978988647461,67.66000366210938,67.66999816894531,66.87999725341797,67.18000030517578,2568300
2022-03-30,59.565277099609375,67.94000244140625,67.95999908447266,67.0,67.54000091552734,2966300
2022-03-31,59.372398376464844,67.72000122070312,68.41000366210938,67.69999694824219,67.86000061035156,3027300
2022-04-01,60.363101959228516,68.8499984741211,68.9000015258789,67.45999908447266,67.91999816894531,2380600
2022-04-04,60.04747009277344,68.48999786376953,68.72000122070312,67.61000061035156,68.62999725341797,2542000
2022-04-05,60.63488006591797,69.16000366210938,69.9000015258789,68.33999633789062,68.3499984741211,3335800
2022-04-06,61.13462829589844,69.7300033569336,70.05999755859375,68.91000366210938,69.25,3944800
2022-04-07,61.60272216796875,69.75,69.9000015258789,69.0,69.37000274658203,3256100
2022-04-08,61.97365188598633,70.16999816894531,70.43000030517578,69.3499984741211,69.94000244140625,4041000
2022-04-11,62.27394485473633,70.51000213623047,70.95999908447266,69.93000030517578,70.66000366210938,3154600
2022-04-12,62.20329284667969,70.43000030517578,70.93000030517578,69.80000305175781,70.27999877929688,3677300
2022-04-13,62.424072265625,70.68000030517578,70.75,69.83000183105469,70.2300033569336,3104600
2022-04-14,62.63604736328125,70.91999816894531,71.23999786376953,70.55000305175781,71.0,6956500
2022-04-18,62.565391540527344,70.83999633789062,71.30000305175781,70.56999969482422,70.94999694824219,2860700
2022-04-19,63.34260177612305,71.72000122070312,71.80000305175781,70.81999969482422,70.9000015258789,3297400
2022-04-20,64.32294464111328,72.83000183105469,72.93000030517578,71.79000091552734,71.79000091552734,2944800
2022-04-21,64.6408920288086,73.19000244140625,73.80000305175781,72.61000061035156,72.86000061035156,2728600
2022-04-22,64.03150177001953,72.5,73.41999816894531,72.44999694824219,73.23999786376953,3399800
2022-04-25,63.76652908325195,72.19999694824219,72.87999725341797,71.41999816894531,72.5,3814300
2022-04-26,62.73320388793945,71.02999877929688,72.6500015258789,71.01000213623047,72.33999633789062,3812200
2022-04-27,63.0246467590332,71.36000061035156,72.30000305175781,71.27999877929688,71.5999984741211,5876100
2022-04-28,63.82836151123047,72.2699966430664,72.29000091552734,71.44999694824219,71.87000274658203,3216300
2022-04-29,62.46824645996094,70.7300033569336,72.16999816894531,70.63999938964844,71.97000122070312,2771500
2022-05-02,61.3642578125,69.4800033569336,72.19000244140625,68.91999816894531,72.1500015258789,4443300
2022-05-03,61.514400482177734,69.6500015258789,70.4000015258789,68.9800033569336,69.38999938964844,3703500
2022-05-04,62.53889465332031,70.80999755859375,70.86000061035156,69.56999969482422,69.69000244140625,3012500
2022-05-05,62.485904693603516,70.75,71.22000122070312,70.36000061035156,70.77999877929688,3169600
2022-05-06,63.05998229980469,71.4000015258789,71.51000213623047,70.47000122070312,70.47000122070312,2759600
2022-05-09,64.91468048095703,73.5,73.73999786376953,70.94999694824219,71.1500015258789,6105900
2022-05-10,63.36027145385742,71.73999786376953,73.98999786376953,71.51000213623047,73.20999908447266,3472300
2022-05-11,63.41327667236328,71.80000305175781,72.61000061035156,71.1500015258789,71.4000015258789,2656600
2022-05-12,63.775367736816406,72.20999908447266,72.86000061035156,71.5,72.13999938964844,3218200
2022-05-13,64.56141662597656,73.0999984741211,73.1500015258789,71.94999694824219,72.37999725341797,3366700
2022-05-16,64.87935638427734,73.45999908447266,73.62000274658203,72.83999633789062,73.0999984741211,3379000
2022-05-17,64.39360046386719,72.91000366210938,73.16999816894531,70.80000305175781,73.11000061035156,4173700
2022-05-18,59.67734146118164,67.56999969482422,72.6500015258789,67.13999938964844,72.52999877929688,5645600
2022-05-19,58.40555191040039,66.12999725341797,66.70999908447266,65.05000305175781,66.30000305175781,4364700
2022-05-20,59.182769775390625,67.01000213623047,67.2300033569336,65.51000213623047,66.58999633789062,4804100
2022-05-23,59.59785842895508,67.4800033569336,68.5199966430664,67.33000183105469,67.7699966430664,3504800
2022-05-24,61.0639762878418,69.13999938964844,69.19000244140625,67.69000244140625,67.73999786376953,2345800
2022-05-25,61.169952392578125,69.26000213623047,69.51000213623047,68.70999908447266,69.12999725341797,2876500
2022-05-26,61.34657669067383,69.45999908447266,70.2300033569336,68.95999908447266,69.19000244140625,2635900
2022-05-27,61.72636032104492,69.88999938964844,69.93000030517578,69.12999725341797,69.4000015258789,2667700
2022-05-31,61.691036224365234,69.8499984741211,70.22000122070312,68.6500015258789,69.54000091552734,5974000
2022-06-01,61.04631423950195,69.12000274658203,69.91000366210938,68.02999877929688,69.80000305175781,3431100
2022-06-02,60.65769577026367,68.68000030517578,69.26000213623047,67.2699966430664,69.08000183105469,3350400
2022-06-03,60.40157699584961,68.38999938964844,69.04000091552734,67.80000305175781,68.66000366210938,2410600
2022-06-06,60.737186431884766,68.7699966430664,68.94000244140625,68.12000274658203,68.70999908447266,2154000
2022-06-07,61.081626892089844,69.16000366210938,69.27999877929688,68.0,68.06999969482422,2630600
2022-06-08,60.85200119018555,68.9000015258789,69.38999938964844,68.5199966430664,69.12999725341797,2630100
2022-06-09,59.995296478271484,67.93000030517578,69.48999786376953,67.88999938964844,69.0999984741211,3121100
2022-06-10,60.392730712890625,68.37999725341797,68.81999969482422,67.22000122070312,67.27999877929688,3362300
2022-06-13,59.22691345214844,67.05999755859375,68.16000366210938,66.77999877929688,67.63999938964844,3834400
2022-06-14,58.68816375732422,66.44999694824219,67.4800033569336,65.83000183105469,67.16999816894531,3042200
2022-06-15,58.591026306152344,66.33999633789062,67.16000366210938,65.83999633789062,66.5,2869500
2022-06-16,58.95313262939453,66.75,67.11000061035156,64.94000244140625,65.91999816894531,3859000
2022-06-17,58.493865966796875,66.2300033569336,67.30000305175781,65.69000244140625,66.80000305175781,5405700
2022-06-21,59.924644470214844,67.8499984741211,68.27999877929688,66.51000213623047,67.31999969482422,3915200
2022-06-22,59.96879959106445,67.9000015258789,68.44000244140625,67.33999633789062,67.80999755859375,4137500
2022-06-23,60.92266082763672,68.9800033569336,69.16000366210938,67.98999786376953,68.2699966430664,3461400
2022-06-24,62.37992477416992,70.62999725341797,70.73999786376953,68.81999969482422,69.25,4449000
2022-06-27,62.742034912109375,71.04000091552734,71.11000061035156,70.2300033569336,70.56999969482422,2875600
2022-06-28,62.05313491821289,70.26000213623047,71.70999908447266,70.08000183105469,71.13999938964844,3694900
2022-06-29,65.99217987060547,74.72000122070312,75.0,71.5,71.52999877929688,10605400
2022-06-30,66.63690185546875,75.44999694824219,75.73999786376953,73.9000015258789,74.0,8255000
2022-07-01,66.93719482421875,75.79000091552734,75.95999908447266,74.81999969482422,75.81999969482422,5353500
2022-07-05,66.37195587158203,75.1500015258789,76.08999633789062,74.05000305175781,75.62000274658203,6006800
2022-07-06,67.31697845458984,76.22000122070312,76.7300033569336,75.5,75.51000213623047,5939900
2022-07-07,67.16575622558594,75.51000213623047,76.19000244140625,75.20999908447266,75.70999908447266,4474200
2022-07-08,67.19244384765625,75.54000091552734,76.56999969482422,75.51000213623047,75.7300033569336,2939100
2022-07-11,67.38813018798828,75.76000213623047,76.3499984741211,75.58999633789062,75.79000091552734,2232800
2022-07-12,67.53045654296875,75.91999816894531,76.79000091552734,75.66999816894531,75.80999755859375,2371400
2022-07-13,67.98409271240234,76.43000030517578,76.94000244140625,75.69000244140625,75.70999908447266,3462200
2022-07-14,66.44527435302734,74.69999694824219,75.7699966430664,74.29000091552734,75.1500015258789,4554700
2022-07-15,66.64094543457031,74.91999816894531,75.47000122070312,74.66000366210938,75.26000213623047,3177100
2022-07-18,65.77814483642578,73.94999694824219,74.97000122070312,73.87999725341797,74.52999877929688,2671700
2022-07-19,66.15174102783203,74.37000274658203,74.9000015258789,74.13999938964844,74.2699966430664,3019900
2022-07-20,65.2889175415039,73.4000015258789,74.62000274658203,73.05000305175781,74.43000030517578,3585400
2022-07-21,65.0220718383789,73.0999984741211,73.61000061035156,72.66999816894531,73.08999633789062,3215500
2022-07-22,65.4935073852539,73.62999725341797,73.76000213623047,72.8499984741211,73.2300033569336,2521500
2022-07-25,66.04499816894531,74.25,74.52999877929688,73.12999725341797,73.52999877929688,2436200
2022-07-26,66.18731689453125,74.41000366210938,74.52999877929688,72.62999725341797,73.19000244140625,2954900
2022-07-27,65.66252136230469,73.81999969482422,74.23999786376953,72.16000366210938,74.23999786376953,3515500
2022-07-28,66.35630798339844,74.5999984741211,74.8499984741211,73.56999969482422,73.86000061035156,3087500
2022-07-29,66.52532196044922,74.79000091552734,74.88999938964844,73.88999938964844,74.1500015258789,6688100
2022-08-01,67.33477020263672,75.69999694824219,76.13999938964844,74.80999755859375,74.81999969482422,3769900
2022-08-02,67.31697845458984,75.68000030517578,76.25,75.12000274658203,76.0,5521500
2022-08-03,67.24580383300781,75.5999984741211,75.80000305175781,75.08000183105469,75.44000244140625,4030900
2022-08-04,67.17464447021484,75.5199966430664,76.23999786376953,75.25,75.25,2622600
2022-08-05,67.7528076171875,76.16999816894531,76.19000244140625,75.0199966430664,75.80000305175781,2266000
2022-08-08,67.92183685302734,76.36000061035156,76.86000061035156,76.22000122070312,76.37000274658203,2382000
2022-08-09,68.51778411865234,77.02999877929688,77.70999908447266,76.5,76.54000091552734,2758500
2022-08-10,69.00700378417969,77.58000183105469,77.7300033569336,77.16999816894531,77.4800033569336,2681100
2022-08-11,68.45552062988281,76.95999908447266,78.23999786376953,76.93000030517578,77.69000244140625,2762600
2022-08-12,68.49110412597656,77.0,77.27999877929688,76.55999755859375,77.20999908447266,2409400
2022-08-15,68.1708984375,76.63999938964844,77.20999908447266,76.23999786376953,76.86000061035156,5688300
2022-08-16,68.88249206542969,77.44000244140625,77.86000061035156,76.36000061035156,76.45999908447266,6201300
2022-08-17,68.61564636230469,77.13999938964844,77.91999816894531,77.0999984741211,77.47000122070312,2387800
2022-08-18,68.93584442138672,77.5,77.55000305175781,76.52999877929688,77.11000061035156,2575600
2022-08-19,69.35392761230469,77.97000122070312,78.36000061035156,77.44000244140625,77.70999908447266,2646200
2022-08-22,68.93584442138672,77.5,77.93000030517578,77.13999938964844,77.6500015258789,1742700
2022-08-23,69.26496887207031,77.87000274658203,78.0,77.1500015258789,77.52999877929688,2400400
2022-08-24,69.7808837890625,78.44999694824219,78.54000091552734,77.68000030517578,78.04000091552734,2488400
2022-08-25,69.29164123535156,77.9000015258789,78.3499984741211,77.16000366210938,78.2300033569336,3132500
2022-08-26,67.88623809814453,76.31999969482422,78.1500015258789,76.20999908447266,77.91000366210938,3846900
2022-08-29,68.6867904663086,77.22000122070312,77.69000244140625,75.77999877929688,76.01000213623047,2704100
2022-08-30,68.47330474853516,76.9800033569336,77.55000305175781,76.7300033569336,77.22000122070312,2475600
2022-08-31,68.31321716308594,76.80000305175781,77.86000061035156,76.69000244140625,77.27999877929688,4307200
2022-09-01,68.63343048095703,77.16000366210938,77.36000061035156,75.75,76.48999786376953,2695100
2022-09-02,68.24205780029297,76.72000122070312,78.4000015258789,76.43000030517578,77.62999725341797,3946500
2022-09-06,66.97896575927734,75.30000305175781,76.94999694824219,75.12999725341797,76.66000366210938,5333600
2022-09-07,67.85066986083984,76.27999877929688,76.38999938964844,74.87999725341797,75.41999816894531,4348600
2022-09-08,67.27249145507812,75.62999725341797,76.19999694824219,74.69999694824219,75.86000061035156,3620300
2022-09-09,67.52155303955078,75.91000366210938,76.47000122070312,75.05000305175781,75.86000061035156,2436100
2022-09-12,67.73503112792969,76.1500015258789,76.43000030517578,75.7699966430664,76.04000091552734,2513900
2022-09-13,66.1339340209961,74.3499984741211,76.02999877929688,74.05999755859375,75.69999694824219,3344800
2022-09-14,66.19620513916016,74.41999816894531,74.94000244140625,74.08999633789062,74.0999984741211,3604500
2022-09-15,66.77437591552734,75.06999969482422,75.19999694824219,73.77999877929688,74.61000061035156,4664700
2022-09-16,66.93448638916016,75.25,76.01000213623047,74.72000122070312,75.2300033569336,6718600
2022-09-19,67.45039367675781,75.83000183105469,75.91000366210938,75.13999938964844,75.30999755859375,2907400
2022-09-20,67.07681274414062,75.41000366210938,75.77999877929688,74.9000015258789,75.44999694824219,4802900
2022-09-21,70.9105224609375,79.72000122070312,81.04000091552734,77.04000091552734,77.9800033569336,14038700
2022-09-22,71.85338592529297,80.77999877929688,81.23999786376953,78.88999938964844,80.19000244140625,7096800
2022-09-23,70.42130279541016,79.16999816894531,80.54000091552734,78.30000305175781,80.08999633789062,4795400
2022-09-26,69.96765899658203,78.66000366210938,79.5,78.11000061035156,78.98999786376953,3561300
2022-09-27,69.35392761230469,77.97000122070312,80.12999725341797,77.83000183105469,79.0,4108400
2022-09-28,70.08330535888672,78.79000091552734,79.05999755859375,77.5,78.44000244140625,3953700
2022-09-29,69.12265014648438,77.70999908447266,79.08000183105469,77.56999969482422,78.95999908447266,3515500
2022-09-30,68.14420318603516,76.61000061035156,77.9000015258789,76.45999908447266,77.5,4101000
2022-10-03,69.80755615234375,78.4800033569336,78.72000122070312,76.52999877929688,77.05999755859375,4069100
2022-10-04,69.8253402709961,78.5,79.58000183105469,77.81999969482422,78.5999984741211,4093500
2022-10-05,69.1048583984375,77.69000244140625,78.48999786376953,77.1500015258789,78.38999938964844,2795200
2022-10-06,67.15218353271484,74.97000122070312,77.19999694824219,74.62999725341797,76.98999786376953,5449200
2022-10-07,67.49254608154297,75.3499984741211,75.69000244140625,74.41999816894531,75.05999755859375,3755700
2022-10-10,68.4420166015625,76.41000366210938,76.75,75.55999755859375,75.73999786376953,3245800
2022-10-11,69.31982421875,77.38999938964844,77.94000244140625,76.44000244140625,76.44000244140625,3173100
2022-10-12,69.29296875,77.36000061035156,78.2300033569336,77.33000183105469,77.93000030517578,3045600
2022-10-13,70.6007080078125,78.81999969482422,79.12999725341797,76.70999908447266,76.91999816894531,3396400
2022-10-14,69.6064682006836,77.70999908447266,79.27999877929688,77.5,79.08000183105469,2928700
2022-10-17,69.3377456665039,77.41000366210938,78.5199966430664,76.8499984741211,78.1500015258789,3490400
2022-10-18,70.10804748535156,78.2699966430664,78.45999908447266,77.58000183105469,77.7699966430664,2655100
2022-10-19,69.98265075683594,78.12999725341797,78.9000015258789,77.6500015258789,78.38999938964844,2282900
2022-10-20,68.67489624023438,76.66999816894531,78.16000366210938,76.55999755859375,77.86000061035156,3002800
2022-10-21,69.00631713867188,77.04000091552734,77.63999938964844,76.33999633789062,76.5999984741211,2907100
2022-10-24,69.52584838867188,77.62000274658203,78.41000366210938,77.13999938964844,77.66999816894531,3219100
2022-10-25,70.13493347167969,78.30000305175781,78.55000305175781,76.97000122070312,77.41999816894531,3389700
2022-10-26,70.18868255615234,78.36000061035156,79.19999694824219,77.76000213623047,78.6500015258789,3082000
2022-10-27,71.54122161865234,79.87000274658203,80.37999725341797,78.55000305175781,78.80000305175781,4727900
2022-10-28,73.06392669677734,81.56999969482422,81.69000244140625,79.95999908447266,79.98999786376953,2693800
2022-10-31,73.07288360595703,81.58000183105469,82.0999984741211,80.91999816894531,80.93000030517578,4106500
2022-11-01,71.91741180419922,80.29000091552734,81.70999908447266,80.12999725341797,81.30000305175781,8683500
2022-11-02,71.48747253417969,79.80999755859375,80.94999694824219,78.66000366210938,80.19999694824219,4252700
2022-11-03,70.68130493164062,78.91000366210938,79.68000030517578,78.61000061035156,79.30999755859375,3164800
2022-11-04,70.81568145751953,79.05999755859375,79.9800033569336,78.30999755859375,79.27999877929688,2856500
2022-11-07,70.93212890625,79.19000244140625,79.76000213623047,78.79000091552734,78.88999938964844,2178400
2022-11-08,71.26353454589844,79.55999755859375,80.22000122070312,78.98999786376953,79.04000091552734,2869400
2022-11-09,71.96220397949219,80.33999633789062,80.97000122070312,79.66999816894531,79.70999908447266,3667700
2022-11-10,71.28145599365234,79.58000183105469,81.26000213623047,77.80000305175781,81.0,6696300
2022-11-11,69.19441223144531,77.25,79.0,75.7699966430664,79.0,6176900
2022-11-14,68.943603515625,76.97000122070312,78.93000030517578,76.94000244140625,77.5,3980300
2022-11-15,69.36463165283203,77.44000244140625,77.6500015258789,76.51000213623047,77.22000122070312,3278100
2022-11-16,70.81568145751953,79.05999755859375,79.9000015258789,77.94000244140625,77.98999786376953,3954300
2022-11-17,71.45162963867188,79.7699966430664,79.79000091552734,78.70999908447266,78.79000091552734,2493500
2022-11-18,72.58025360107422,81.02999877929688,81.45999908447266,80.19000244140625,80.43000030517578,2981100
2022-11-21,73.43119812011719,81.9800033569336,82.05000305175781,80.68000030517578,81.5,3096600
2022-11-22,73.60135650634766,82.16999816894531,82.86000061035156,81.91000366210938,82.25,2718000
2022-11-23,74.14776611328125,82.77999877929688,82.97000122070312,82.4000015258789,82.41000366210938,2379300
2022-11-25,74.31794738769531,82.97000122070312,83.5999984741211,82.63999938964844,83.25,1319900
2022-11-28,74.28211212158203,82.93000030517578,83.79000091552734,82.80999755859375,83.0,2930900
2022-11-29,74.20149993896484,82.83999633789062,83.4000015258789,82.43000030517578,82.62000274658203,2936100
2022-11-30,76.40499114990234,85.30000305175781,85.62000274658203,82.44000244140625,82.79000091552734,15812000
2022-12-01,76.512451171875,85.41999816894531,86.7300033569336,84.48999786376953,85.23999786376953,3802900
2022-12-02,77.49774169921875,86.5199966430664,86.58000183105469,85.3499984741211,85.3499984741211,3125800
2022-12-05,77.30069732666016,86.30000305175781,86.58000183105469,85.41000366210938,85.66000366210938,3119000
2022-12-06,76.47663116455078,85.37999725341797,86.66999816894531,84.81999969482422,85.72000122070312,3194800
2022-12-07,78.12476348876953,87.22000122070312,87.30000305175781,85.72000122070312,85.87000274658203,4279600
2022-12-08,78.42035675048828,87.55000305175781,87.77999877929688,86.75,87.0999984741211,2912800
2022-12-09,76.88866424560547,85.83999633789062,87.58999633789062,85.77999877929688,87.33999633789062,3100900
2022-12-12,77.78439331054688,86.83999633789062,86.97000122070312,85.72000122070312,86.12999725341797,3372200
2022-12-13,77.90082550048828,86.97000122070312,87.55000305175781,86.41000366210938,86.93000030517578,3818600
2022-12-14,78.22328186035156,87.33000183105469,88.33999633789062,87.18000030517578,87.19000244140625,4062800
2022-12-15,77.8829116821289,86.94999694824219,87.41000366210938,85.61000061035156,87.01000213623047,4681400
2022-12-16,77.864990234375,86.93000030517578,87.1500015258789,85.75,86.36000061035156,8126400
2022-12-19,78.03520965576172,87.12000274658203,87.91999816894531,86.52999877929688,86.9000015258789,4570400
2022-12-20,74.46126556396484,83.12999725341797,84.55000305175781,82.44000244140625,83.68000030517578,8326500
2022-12-21,76.4587173461914,85.36000061035156,85.55999755859375,83.19999694824219,83.88999938964844,4221800
2022-12-22,76.28853607177734,85.16999816894531,85.48999786376953,84.41999816894531,85.37000274658203,2735800
2022-12-23,76.50350189208984,85.41000366210938,85.5199966430664,84.87000274658203,85.1500015258789,1477500
2022-12-27,76.97823333740234,85.94000244140625,86.08000183105469,85.19000244140625,85.56999969482422,2017400
2022-12-28,75.9212875366211,84.76000213623047,86.55999755859375,84.66999816894531,86.30000305175781,1707300
2022-12-29,75.5809097290039,84.37999725341797,85.23999786376953,84.23999786376953,85.11000061035156,2473100
2022-12-30,75.10619354248047,83.8499984741211,84.69999694824219,83.29000091552734,84.48999786376953,2477000
2023-01-03,74.54188537597656,83.22000122070312,83.75,82.62000274658203,83.55999755859375,3036500
2023-01-04,75.14200592041016,83.88999938964844,84.43000030517578,82.8499984741211,82.8499984741211,3445900
2023-01-05,75.6077880859375,84.41000366210938,84.9000015258789,83.7300033569336,84.1500015258789,2934100
2023-01-06,76.99615478515625,85.95999908447266,86.22000122070312,85.01000213623047,85.01000213623047,2290900
2023-01-09,76.32913208007812,84.68000030517578,85.87000274658203,84.68000030517578,85.23999786376953,3010700
2023-01-10,75.76126098632812,84.05000305175781,85.25,83.95999908447266,85.13999938964844,2470100
2023-01-11,75.67111206054688,83.94999694824219,84.69999694824219,83.52999877929688,84.31999969482422,3113000
2023-01-12,74.39116668701172,82.52999877929688,83.93000030517578,82.36000061035156,83.93000030517578,3928400
2023-01-13,74.37313842773438,82.51000213623047,82.97000122070312,82.31999969482422,82.31999969482422,3442800
2023-01-17,73.78723907470703,81.86000061035156,82.98999786376953,81.75,82.4000015258789,3880300
2023-01-18,70.6774673461914,78.41000366210938,81.44999694824219,78.08999633789062,81.43000030517578,6451600
2023-01-19,69.81211853027344,77.44999694824219,78.6500015258789,77.29000091552734,78.5199966430664,3865500
2023-01-20,69.8211441040039,77.45999908447266,77.75,76.66999816894531,77.44999694824219,3961800
2023-01-23,69.76705932617188,77.4000015258789,77.95999908447266,77.0,77.45999908447266,2750000
2023-01-24,69.41551971435547,77.01000213623047,78.0,76.23999786376953,77.3499984741211,3959400
2023-01-25,70.19071960449219,77.87000274658203,77.88999938964844,76.61000061035156,76.91999816894531,3287800
2023-01-26,69.22624206542969,76.80000305175781,77.56999969482422,76.66999816894531,77.56999969482422,3376000
2023-01-27,70.208740234375,77.88999938964844,78.2699966430664,76.69999694824219,77.69999694824219,4273400
2023-01-30,70.49717712402344,78.20999908447266,78.77999877929688,77.9800033569336,78.16000366210938,3117600
2023-01-31,70.63239288330078,78.36000061035156,78.51000213623047,77.33000183105469,78.41999816894531,4144900
2023-02-01,70.29886627197266,77.98999786376953,78.22000122070312,77.18000030517578,77.94999694824219,4141600
2023-02-02,68.41498565673828,75.9000015258789,77.0,75.20999908447266,76.80000305175781,7882500
2023-02-03,68.03640747070312,75.4800033569336,76.54000091552734,74.66999816894531,76.51000213623047,5555700
2023-02-06,69.56874084472656,77.18000030517578,77.20999908447266,75.29000091552734,75.55000305175781,4531400
2023-02-07,68.7845687866211,76.30999755859375,76.61000061035156,75.41999816894531,76.4000015258789,3276700
2023-02-08,68.270751953125,75.73999786376953,76.36000061035156,75.61000061035156,76.20999908447266,2415500
2023-02-09,67.80204772949219,75.22000122070312,76.33000183105469,75.06999969482422,76.12000274658203,3308700
2023-02-10,68.58625030517578,76.08999633789062,76.19000244140625,75.20999908447266,75.63999938964844,2466700
2023-02-13,69.04593658447266,76.5999984741211,76.66000366210938,75.80999755859375,76.16999816894531,2425700
2023-02-14,67.91923522949219,75.3499984741211,76.62000274658203,75.2300033569336,76.58999633789062,2863500
2023-02-15,67.70289611816406,75.11000061035156,75.41000366210938,74.44000244140625,75.29000091552734,2264100
2023-02-16,67.70289611816406,75.11000061035156,75.19999694824219,74.23999786376953,74.58000183105469,2649700
2023-02-17,69.19917297363281,76.7699966430664,76.9800033569336,74.97000122070312,75.30000305175781,3978700
2023-02-21,72.25487518310547,80.16000366210938,81.38999938964844,78.79000091552734,81.19000244140625,7926300
2023-02-22,72.363037109375,80.27999877929688,81.56999969482422,79.94000244140625,80.47000122070312,4089900
2023-02-23,72.38107299804688,80.30000305175781,80.86000061035156,79.95999908447266,80.27999877929688,2991900
2023-02-24,72.68753814697266,80.63999938964844,80.7300033569336,80.05999755859375,80.30000305175781,2786500
2023-02-27,72.99401092529297,80.9800033569336,81.37999725341797,80.75,80.87000274658203,2672700
2023-02-28,71.66897583007812,79.51000213623047,80.94999694824219,79.4800033569336,80.75,3862900
2023-03-01,71.07405853271484,78.8499984741211,79.44000244140625,78.02999877929688,79.04000091552734,3584600
2023-03-02,71.16419982910156,78.94999694824219,79.43000030517578,78.5199966430664,78.98999786376953,2374500
2023-03-03,71.75010681152344,79.5999984741211,79.63999938964844,77.66000366210938,78.51000213623047,2540000
2023-03-06,71.30843353271484,79.11000061035156,79.41000366210938,78.69000244140625,79.41000366210938,2676900
2023-03-07,71.2453384399414,79.04000091552734,79.3499984741211,78.27999877929688,79.20999908447266,2287800
2023-03-08,71.36249542236328,79.16999816894531,79.5199966430664,78.73999786376953,79.36000061035156,2017000
2023-03-09,70.884765625,78.63999938964844,79.80000305175781,78.33000183105469,79.62000274658203,2251300
2023-03-10,70.77660369873047,78.5199966430664,79.43000030517578,78.22000122070312,78.73999786376953,2663900
2023-03-13,71.92135620117188,79.79000091552734,81.11000061035156,78.37999725341797,78.5199966430664,3946800
2023-03-14,72.25487518310547,80.16000366210938,80.2300033569336,79.3499984741211,79.8499984741211,2983100
2023-03-15,72.96696472167969,80.94999694824219,81.06999969482422,79.48999786376953,80.01000213623047,3315700
2023-03-16,72.53430938720703,80.47000122070312,81.23999786376953,79.76000213623047,81.12999725341797,2402000
2023-03-17,71.92135620117188,79.79000091552734,81.06999969482422,79.19999694824219,80.69000244140625,8367800
2023-03-20,72.69654846191406,80.6500015258789,81.16000366210938,79.86000061035156,80.0,2849900
2023-03-21,72.78668212890625,80.75,80.98999786376953,80.08999633789062,80.95999908447266,2601400
2023-03-22,71.99348449707031,79.87000274658203,81.47000122070312,79.7699966430664,80.88999938964844,3516800
2023-03-23,74.04862213134766,82.1500015258789,83.31999969482422,81.0,81.0,6082900
2023-03-24,76.43729400634766,84.80000305175781,84.83999633789062,82.11000061035156,82.8499984741211,5328800
2023-03-27,76.5093994140625,84.87999725341797,86.30999755859375,84.69999694824219,85.0,4580900
2023-03-28,76.41024017333984,84.7699966430664,86.1500015258789,84.5199966430664,85.05000305175781,2806000
2023-03-29,76.64459991455078,85.02999877929688,85.44000244140625,84.6500015258789,84.81999969482422,2567300
2023-03-30,76.58151245117188,84.95999908447266,85.0199966430664,84.27999877929688,84.95999908447266,3209900
2023-03-31,77.03221130371094,85.45999908447266,85.54000091552734,84.8499984741211,85.25,3069900
2023-04-03,77.44685363769531,85.91999816894531,86.61000061035156,85.12000274658203,85.48999786376953,3380400
2023-04-04,77.5820541381836,86.06999969482422,86.5,85.45999908447266,86.13999938964844,4849100
2023-04-05,78.47440338134766,87.05999755859375,87.31999969482422,86.2699966430664,86.48999786376953,4624700
2023-04-06,78.81908416748047,86.9000015258789,87.16000366210938,86.44000244140625,86.73999786376953,3556200
2023-04-10,78.32022857666016,86.3499984741211,86.75,85.62000274658203,86.63999938964844,2390500
2023-04-11,78.96419525146484,87.05999755859375,87.55000305175781,86.56999969482422,86.72000122070312,2812700
2023-04-12,78.91886138916016,87.01000213623047,87.20999908447266,86.20999908447266,86.68000030517578,2492800
2023-04-13,78.86443328857422,86.94999694824219,87.0999984741211,86.43000030517578,86.72000122070312,2083400
2023-04-14,78.51069641113281,86.55999755859375,87.25,86.30000305175781,87.0199966430664,3491400
2023-04-17,78.99141693115234,87.08999633789062,87.33999633789062,86.61000061035156,87.05000305175781,1672900
2023-04-18,79.34515380859375,87.4800033569336,87.51000213623047,86.72000122070312,87.08000183105469,1902200
2023-04-19,79.0276870727539,87.12999725341797,87.91999816894531,86.83000183105469,87.8499984741211,2198600
2023-04-20,79.4267807006836,87.56999969482422,87.5999984741211,87.08999633789062,87.41999816894531,1833300
2023-04-21,79.31793975830078,87.44999694824219,88.23999786376953,87.27999877929688,88.0,1749500
2023-04-24,79.47213745117188,87.62000274658203,87.9800033569336,87.27999877929688,87.47000122070312,2123900
2023-04-25,80.27030181884766,88.5,88.87999725341797,87.77999877929688,87.80999755859375,2473300
2023-04-26,79.70795440673828,87.87999725341797,88.25,87.61000061035156,87.83999633789062,2259200
2023-04-27,80.53334045410156,88.79000091552734,88.80999755859375,87.5999984741211,87.76000213623047,2203100
2023-04-28,80.3882064819336,88.62999725341797,89.38999938964844,88.29000091552734,88.79000091552734,2383500
2023-05-01,81.05939483642578,89.37000274658203,89.7699966430664,88.83000183105469,88.94000244140625,2146200
2023-05-02,80.72379302978516,89.0,89.4000015258789,88.13999938964844,89.38999938964844,3320200
2023-05-03,80.5696029663086,88.83000183105469,89.77999877929688,88.69999694824219,89.30999755859375,3693500
2023-05-04,81.08660125732422,89.4000015258789,89.44999694824219,88.30000305175781,88.91000366210938,2123000
2023-05-05,81.45848083496094,89.80999755859375,89.94999694824219,88.95999908447266,89.08999633789062,2541500
2023-05-08,81.51290130615234,89.87000274658203,90.37999725341797,89.13999938964844,89.43000030517578,2229200
2023-05-09,81.2589340209961,89.58999633789062,90.33999633789062,89.55000305175781,90.02999877929688,2191700
2023-05-10,81.24079895019531,89.56999969482422,89.94000244140625,88.76000213623047,89.55000305175781,2470800
2023-05-11,81.86663818359375,90.26000213623047,90.33000183105469,89.01000213623047,89.62999725341797,1822600
2023-05-12,82.18408966064453,90.61000061035156,90.6500015258789,89.97000122070312,90.05000305175781,2145000
2023-05-15,81.89383697509766,90.29000091552734,90.88999938964844,89.5199966430664,90.7300033569336,2629700
2023-05-16,81.86663818359375,90.26000213623047,90.58000183105469,89.2300033569336,90.0999984741211,2191200
2023-05-17,81.49476623535156,89.8499984741211,90.4000015258789,88.66000366210938,90.26000213623047,2772700
2023-05-18,80.27030181884766,88.5,89.27999877929688,88.04000091552734,89.27999877929688,3395500
2023-05-19,79.48121643066406,87.62999725341797,88.55999755859375,86.97000122070312,88.25,4147400
2023-05-22,77.73066711425781,85.69999694824219,87.6500015258789,85.2300033569336,87.6500015258789,3156200
2023-05-23,77.52206420898438,85.47000122070312,85.81999969482422,84.37999725341797,85.80000305175781,3018200
2023-05-24,77.15924835205078,85.06999969482422,85.81999969482422,84.66000366210938,85.69999694824219,2287000
2023-05-25,76.6513442993164,84.51000213623047,84.83999633789062,83.63999938964844,84.41999816894531,2490200
2023-05-26,76.3520278930664,84.18000030517578,84.91000366210938,83.6500015258789,84.36000061035156,2364000
2023-05-30,75.5266342163086,83.2699966430664,83.86000061035156,82.30999755859375,83.3499984741211,4495800
2023-05-31,76.33386993408203,84.16000366210938,84.30000305175781,83.08999633789062,83.30999755859375,8562500
2023-06-01,76.08898162841797,83.88999938964844,84.9800033569336,83.81999969482422,84.26000213623047,2608800
2023-06-02,76.7238998413086,84.58999633789062,84.61000061035156,83.19999694824219,83.62999725341797,3403500
2023-06-05,77.31344604492188,85.23999786376953,85.83999633789062,84.55000305175781,84.55000305175781,2552800
2023-06-06,75.98921966552734,83.77999877929688,85.77999877929688,83.13999938964844,85.43000030517578,2754800
2023-06-07,73.9212417602539,81.5,82.16000366210938,80.0999984741211,81.2699966430664,5185400
2023-06-08,74.96430206298828,82.6500015258789,82.68000030517578,81.25,81.38999938964844,2877400
2023-06-09,74.64684295654297,82.30000305175781,82.83000183105469,82.0999984741211,82.4000015258789,2708800
2023-06-12,73.9937973022461,81.58000183105469,82.63999938964844,81.11000061035156,82.55000305175781,3854900
2023-06-13,73.22283935546875,80.7300033569336,81.04000091552734,80.05999755859375,80.87000274658203,5473500
2023-06-14,73.15028381347656,80.6500015258789,81.12000274658203,80.30999755859375,80.72000122070312,3623500
2023-06-15,73.20470428466797,80.70999908447266,81.43000030517578,80.5199966430664,80.87999725341797,3518700
2023-06-16,73.20470428466797,80.70999908447266,81.56999969482422,80.48999786376953,80.5999984741211,5349000
2023-06-20,73.14120483398438,80.63999938964844,81.58999633789062,80.62999725341797,81.0,3486600
2023-06-21,73.81239318847656,81.37999725341797,81.38999938964844,80.2699966430664,80.77999877929688,4784000
2023-06-22,73.73983001708984,81.30000305175781,81.91000366210938,81.1500015258789,81.73999786376953,2584600
2023-06-23,73.75798797607422,81.31999969482422,82.02999877929688,81.20999908447266,81.52999877929688,3925900
2023-06-26,74.24776458740234,81.86000061035156,81.9800033569336,80.33000183105469,81.2300033569336,3545200
2023-06-27,73.37703704833984,80.9000015258789,82.58999633789062,80.87999725341797,82.4000015258789,5391900
2023-06-28,69.58573150634766,76.72000122070312,78.87999725341797,76.27999877929688,78.87000274658203,11772300
2023-06-29,69.20479583740234,76.30000305175781,76.86000061035156,76.08999633789062,76.73999786376953,5836700
2023-06-30,69.56758117675781,76.69999694824219,77.04000091552734,76.41000366210938,76.4800033569336,4126000
2023-07-03,69.94853210449219,77.12000274658203,77.26000213623047,75.80000305175781,76.30000305175781,2756200
2023-07-05,70.12086486816406,77.30999755859375,77.3499984741211,76.41999816894531,76.7699966430664,4786500
2023-07-06,69.32269287109375,76.43000030517578,76.93000030517578,76.31999969482422,76.58999633789062,4261900
2023-07-07,68.71027374267578,75.16999816894531,75.93000030517578,75.12999725341797,75.51000213623047,4264600
2023-07-10,68.3629379272461,74.79000091552734,75.58999633789062,74.68000030517578,75.23999786376953,2961700
2023-07-11,68.62800598144531,75.08000183105469,75.12000274658203,74.55999755859375,74.9000015258789,3186200
2023-07-12,68.50917053222656,74.94999694824219,75.36000061035156,74.61000061035156,75.0199966430664,3783300
2023-07-13,68.3629379272461,74.79000091552734,75.3499984741211,74.5999984741211,74.91000366210938,4286900
2023-07-14,68.56402587890625,75.01000213623047,75.18000030517578,74.62999725341797,75.18000030517578,2594200
2023-07-17,67.9241714477539,74.30999755859375,74.9800033569336,74.29000091552734,74.69000244140625,2814500
2023-07-18,67.9241714477539,74.30999755859375,75.18000030517578,74.02999877929688,74.56999969482422,3335800
2023-07-19,68.74683380126953,75.20999908447266,75.26000213623047,74.38999938964844,74.38999938964844,3410600
2023-07-20,69.79801940917969,76.36000061035156,76.44999694824219,75.04000091552734,75.37000274658203,3523800
2023-07-21,70.38301849365234,77.0,77.05999755859375,76.16000366210938,76.20999908447266,3548800
2023-07-24,70.61153411865234,77.25,77.62999725341797,76.93000030517578,77.22000122070312,2731500
2023-07-25,70.3007583618164,76.91000366210938,77.4000015258789,76.61000061035156,77.4000015258789,2308200
2023-07-26,69.23128509521484,75.73999786376953,77.08000183105469,75.70999908447266,76.79000091552734,3466300
2023-07-27,68.55488586425781,75.0,76.1500015258789,74.95999908447266,75.66000366210938,3160600
2023-07-28,68.96622467041016,75.44999694824219,75.7300033569336,75.19999694824219,75.4000015258789,2935900
2023-07-31,68.31723022460938,74.73999786376953,75.41000366210938,74.3499984741211,75.41000366210938,3378000
2023-08-01,67.95159912109375,74.33999633789062,75.19999694824219,73.69999694824219,74.87999725341797,3261400
2023-08-02,68.96622467041016,75.44999694824219,75.87999725341797,74.2699966430664,74.30000305175781,4355600
2023-08-03,68.11611938476562,74.5199966430664,75.7699966430664,74.44000244140625,75.4000015258789,3571600
2023-08-04,67.26605224609375,73.58999633789062,74.94999694824219,73.5199966430664,74.61000061035156,2077600
2023-08-07,67.14722442626953,73.45999908447266,73.97000122070312,73.29000091552734,73.55999755859375,2500400
2023-08-08,65.2276840209961,71.36000061035156,73.61000061035156,71.19999694824219,73.5,4772200
2023-08-09,65.95893859863281,72.16000366210938,72.58000183105469,71.23999786376953,71.4800033569336,3546700
2023-08-10,66.1600341796875,72.37999725341797,72.87999725341797,72.19000244140625,72.4800033569336,3804500
2023-08-11,66.42510223388672,72.66999816894531,72.70999908447266,72.29000091552734,72.51000213623047,2480800
2023-08-14,66.05948638916016,72.2699966430664,72.97000122070312,71.97000122070312,72.93000030517578,2431900
2023-08-15,65.53845977783203,71.69999694824219,72.0999984741211,71.4000015258789,71.95999908447266,2633200
2023-08-16,65.20941162109375,71.33999633789062,71.91000366210938,71.18000030517578,71.5999984741211,2707300
2023-08-17,64.2496337890625,70.29000091552734,71.4000015258789,70.26000213623047,71.4000015258789,5586500
2023-08-18,64.176513671875,70.20999908447266,70.95999908447266,70.08999633789062,70.41000366210938,5246500
2023-08-21,62.841976165771484,68.75,69.95999908447266,68.19000244140625,69.62000274658203,4741100
2023-08-22,62.55862808227539,68.44000244140625,68.81999969482422,68.20999908447266,68.55999755859375,3595700
2023-08-23,62.28438186645508,68.13999938964844,68.73999786376953,67.87999725341797,68.5999984741211,4313100
2023-08-24,62.16556930541992,68.01000213623047,68.80000305175781,67.77999877929688,68.26000213623047,3797700
2023-08-25,62.494625091552734,68.37000274658203,68.88999938964844,67.9000015258789,68.3499984741211,2698000
2023-08-28,62.65917205810547,68.55000305175781,69.01000213623047,68.19999694824219,68.54000091552734,3333900
2023-08-29,62.60432052612305,68.48999786376953,69.02999877929688,68.02999877929688,68.95999908447266,3230000
2023-08-30,62.41236877441406,68.27999877929688,68.97000122070312,68.18000030517578,68.73999786376953,2543700
2023-08-31,61.84564971923828,67.66000366210938,68.63999938964844,67.63999938964844,68.45999908447266,5681900
2023-09-01,60.55681610107422,66.25,67.98999786376953,65.91000366210938,67.87000274658203,4404600
2023-09-05,60.41970443725586,66.0999984741211,66.62999725341797,65.43000030517578,65.66000366210938,3952300
2023-09-06,60.209468841552734,65.87000274658203,67.0,65.83000183105469,66.87000274658203,4262700
2023-09-07,59.405086517333984,64.98999786376953,66.37000274658203,64.69999694824219,65.86000061035156,5309100
2023-09-08,60.46540832519531,66.1500015258789,66.1500015258789,64.91000366210938,65.08000183105469,4631300
2023-09-11,60.22774887084961,65.88999938964844,66.33999633789062,65.41000366210938,65.79000091552734,3776700
2023-09-12,59.862125396728516,65.48999786376953,66.44000244140625,65.05000305175781,66.06999969482422,3233700
2023-09-13,59.65188980102539,65.26000213623047,65.80999755859375,65.12999725341797,65.70999908447266,3042800
2023-09-14,60.65736389160156,66.36000061035156,66.58999633789062,65.3499984741211,65.3499984741211,3693600
2023-09-15,60.191192626953125,65.8499984741211,66.73999786376953,65.76000213623047,66.29000091552734,7635700
2023-09-18,60.41970443725586,66.0999984741211,66.11000061035156,65.18000030517578,66.01000213623047,4126700
2023-09-19,60.218605041503906,65.87999725341797,66.44000244140625,65.58000183105469,66.33999633789062,5740200
2023-09-20,60.209468841552734,65.87000274658203,66.66000366210938,64.52999877929688,66.5199966430664,6780900
2023-09-21,59.852989196777344,65.4800033569336,66.5199966430664,65.45999908447266,65.70999908447266,6014500
2023-09-22,59.24970245361328,64.81999969482422,65.56999969482422,64.5,65.16000366210938,6619900
2023-09-25,59.213134765625,64.77999877929688,64.88999938964844,64.08000183105469,64.51000213623047,4420400
2023-09-26,59.61532974243164,65.22000122070312,65.66000366210938,64.5,64.5199966430664,5379300
2023-09-27,58.54587173461914,64.05000305175781,65.2699966430664,63.70000076293945,65.0999984741211,4865300
2023-09-28,58.6007194519043,64.11000061035156,64.44000244140625,63.630001068115234,64.2300033569336,5249100
2023-09-29,58.491024017333984,63.9900016784668,64.62000274658203,63.75,64.4000015258789,5329800
2023-10-02,57.20219421386719,62.58000183105469,63.970001220703125,62.27000045776367,63.709999084472656,6006100
2023-10-03,57.5312614440918,62.939998626708984,63.189998626708984,62.22999954223633,62.22999954223633,7922200
2023-10-04,57.677513122558594,63.099998474121094,63.310001373291016,62.40999984741211,63.09000015258789,5443400
2023-10-05,57.00110626220703,62.36000061035156,63.380001068115234,62.2400016784668,62.97999954223633,5095800
2023-10-06,57.66551208496094,62.4900016784668,62.63999938964844,60.33000183105469,61.439998626708984,5714200
2023-10-09,59.02202224731445,63.959999084472656,63.9900016784668,62.45000076293945,62.599998474121094,5511200
2023-10-10,58.37606430053711,63.2599983215332,64.66000366210938,63.0099983215332,64.61000061035156,6688200
2023-10-11,57.886985778808594,62.72999954223633,63.59000015258789,62.689998626708984,63.34000015258789,4108100
2023-10-12,56.779624938964844,61.529998779296875,62.97999954223633,61.0099983215332,62.56999969482422,5139100
2023-10-13,58.17304992675781,63.040000915527344,63.060001373291016,61.5099983215332,61.70000076293945,4564200
2023-10-16,58.3668327331543,63.25,63.63999938964844,62.880001068115234,63.349998474121094,3496500
2023-10-17,58.11768341064453,62.97999954223633,63.68000030517578,62.619998931884766,62.970001220703125,3931300
2023-10-18,58.32069778442383,63.20000076293945,63.939998626708984,63.029998779296875,63.099998474121094,3953600
2023-10-19,58.006954193115234,62.86000061035156,63.459999084472656,62.7400016784668,62.9900016784668,3396900
2023-10-20,58.35761260986328,63.2400016784668,63.869998931884766,63.060001373291016,63.16999816894531,3973700
2023-10-23,58.34838104248047,63.22999954223633,63.79999923706055,62.93000030517578,62.970001220703125,3759000
2023-10-24,58.73595428466797,63.650001525878906,63.9900016784668,63.189998626708984,63.209999084472656,3171000
2023-10-25,60.58155059814453,65.6500015258789,65.72000122070312,63.619998931884766,63.66999816894531,5299900
2023-10-26,60.673828125,65.75,66.18000030517578,65.22000122070312,65.6500015258789,6793700
2023-10-27,60.258575439453125,65.30000305175781,66.01000213623047,64.91999816894531,65.38999938964844,5292900
2023-10-30,59.824859619140625,64.83000183105469,65.5199966430664,64.16000366210938,65.25,4952800
2023-10-31,60.20319747924805,65.23999786376953,65.37999725341797,64.80999755859375,65.19000244140625,3216800
2023-11-01,60.074012756347656,65.0999984741211,65.77999877929688,65.08999633789062,65.44000244140625,5220800
2023-11-02,61.1259880065918,66.23999786376953,66.45999908447266,64.87999725341797,64.94999694824219,3710300
2023-11-03,60.66460418701172,65.73999786376953,66.66000366210938,65.70999908447266,66.5,3164900
2023-11-06,60.18474578857422,65.22000122070312,65.88999938964844,65.18000030517578,65.69999694824219,3945800
2023-11-07,60.074012756347656,65.0999984741211,65.69000244140625,65.01000213623047,65.19000244140625,3345800
2023-11-08,60.24934387207031,65.29000091552734,65.68000030517578,65.0199966430664,65.12000274658203,3700800
2023-11-09,60.47080993652344,65.52999877929688,65.70999908447266,65.16999816894531,65.44000244140625,3566400
2023-11-10,60.240108489990234,65.27999877929688,65.5999984741211,65.05000305175781,65.44000244140625,3157300
2023-11-13,60.12937545776367,65.16000366210938,65.58999633789062,65.06999969482422,65.0999984741211,3414500
2023-11-14,60.12015151977539,65.1500015258789,65.52999877929688,65.05000305175781,65.1500015258789,4656000
2023-11-15,59.6956672668457,64.69000244140625,65.37000274658203,64.63999938964844,65.0199966430664,7324800
2023-11-16,60.000179290771484,65.0199966430664,65.16999816894531,64.30000305175781,64.4000015258789,9404700
2023-11-17,59.76025390625,64.76000213623047,65.33000183105469,63.779998779296875,65.2699966430664,4623200
2023-11-20,59.178897857666016,64.12999725341797,64.63999938964844,63.7400016784668,64.54000091552734,3165000
2023-11-21,59.6679801940918,64.66000366210938,64.72000122070312,63.7400016784668,64.37999725341797,2910700
2023-11-22,59.86176681518555,64.87000274658203,65.29000091552734,64.61000061035156,65.0199966430664,2747600
2023-11-24,60.14783477783203,65.18000030517578,65.19000244140625,64.62999725341797,65.01000213623047,1262500
2023-11-27,58.671363830566406,63.58000183105469,65.11000061035156,63.41999816894531,64.87999725341797,4389000
2023-11-28,58.523712158203125,63.41999816894531,63.790000915527344,63.130001068115234,63.5,4572500
2023-11-29,57.75779724121094,62.59000015258789,63.470001220703125,62.56999969482422,63.349998474121094,4511000
2023-11-30,58.74518585205078,63.65999984741211,63.790000915527344,62.400001525878906,62.599998474121094,6840100
2023-12-01,59.178897857666016,64.12999725341797,64.16000366210938,63.31999969482422,63.56999969482422,3349200
2023-12-04,59.935577392578125,64.94999694824219,65.22000122070312,64.05999755859375,64.05999755859375,3381800
2023-12-05,59.53878402709961,64.5199966430664,65.43000030517578,64.27999877929688,65.13999938964844,2986200
2023-12-06,60.803016662597656,65.88999938964844,66.23999786376953,64.44999694824219,64.5199966430664,3568200
2023-12-07,61.26441955566406,66.38999938964844,66.68000030517578,65.19000244140625,66.06999969482422,3658200
2023-12-08,60.415443420410156,65.47000122070312,66.5199966430664,65.45999908447266,66.43000030517578,2452600
2023-12-11,60.97835159301758,66.08000183105469,66.13999938964844,65.38999938964844,65.4000015258789,3429200
2023-12-12,61.587398529052734,66.73999786376953,66.75,65.9000015258789,66.33000183105469,3841500
2023-12-13,62.602474212646484,67.83999633789062,68.05999755859375,66.61000061035156,66.73999786376953,4380900
2023-12-14,61.1998176574707,66.31999969482422,68.23999786376953,66.29000091552734,68.06999969482422,6086300
2023-12-15,60.18474578857422,65.22000122070312,66.0,64.93000030517578,65.66999816894531,11833600
2023-12-18,61.2182731628418,66.33999633789062,66.61000061035156,65.08000183105469,65.31999969482422,5446000
2023-12-19,61.55971145629883,66.70999908447266,66.83000183105469,66.16999816894531,66.62999725341797,4827900
2023-12-20,59.363460540771484,64.33000183105469,65.5,63.900001525878906,63.95000076293945,7992600
2023-12-21,59.25271987915039,64.20999908447266,65.20999908447266,63.599998474121094,64.4000015258789,4637800
2023-12-22,59.52956008911133,64.51000213623047,65.0199966430664,64.16999816894531,64.3499984741211,3211100
2023-12-26,59.704891204833984,64.69999694824219,64.81999969482422,64.13999938964844,64.30999755859375,3140200
2023-12-27,59.741798400878906,64.73999786376953,64.81999969482422,64.26000213623047,64.62999725341797,2580900
2023-12-28,59.954044342041016,64.97000122070312,65.08999633789062,64.6500015258789,64.6500015258789,2370500
2023-12-29,60.110923767089844,65.13999938964844,65.47000122070312,64.72000122070312,64.9000015258789,3808700
2024-01-02,61.59662628173828,66.75,66.93000030517578,65.0,65.0,5264000
2024-01-03,61.57817077636719,66.7300033569336,67.68000030517578,66.63999938964844,67.12000274658203,5477700
2024-01-04,60.66460418701172,65.73999786376953,66.8499984741211,65.69999694824219,66.7300033569336,3888000
2024-01-05,59.972496032714844,64.98999786376953,65.9000015258789,64.31999969482422,65.69999694824219,4016200
2024-01-08,59.64952087402344,64.63999938964844,65.13999938964844,64.5199966430664,64.91999816894531,4030900
2024-01-09,59.956844329833984,64.37999725341797,64.7300033569336,63.560001373291016,64.04000091552734,4779100
2024-01-10,58.81135559082031,63.150001525878906,64.30000305175781,62.939998626708984,64.04000091552734,4566000
2024-01-11,58.727542877197266,63.060001373291016,63.43000030517578,62.619998931884766,63.06999969482422,5727100
2024-01-12,59.03487014770508,63.38999938964844,63.59000015258789,63.08000183105469,63.41999816894531,4299600
2024-01-16,58.51334762573242,62.83000183105469,63.939998626708984,62.7400016784668,63.59000015258789,4101700
2024-01-17,58.75548553466797,63.09000015258789,63.66999816894531,62.560001373291016,62.689998626708984,4829300
2024-01-18,58.96036911010742,63.310001373291016,63.33000183105469,62.38999938964844,62.720001220703125,3860600
2024-01-19,58.81135559082031,63.150001525878906,63.439998626708984,62.650001525878906,63.43000030517578,3765900
2024-01-22,58.83929443359375,63.18000030517578,63.45000076293945,62.4900016784668,63.029998779296875,4328400
2024-01-23,60.301429748535156,64.75,64.94999694824219,63.38999938964844,63.38999938964844,4433600
2024-01-24,59.26769256591797,63.63999938964844,64.68000030517578,63.599998474121094,64.6500015258789,3491500
2024-01-25,60.040672302246094,64.47000122070312,64.58000183105469,63.58000183105469,63.86000061035156,3071100
2024-01-26,60.07792282104492,64.51000213623047,64.87999725341797,64.38999938964844,64.77999877929688,2821300
2024-01-29,59.8451042175293,64.26000213623047,64.76000213623047,64.1500015258789,64.61000061035156,3226500
2024-01-30,60.860206604003906,65.3499984741211,65.38999938964844,64.30000305175781,64.37999725341797,3020900
2024-01-31,60.450443267822266,64.91000366210938,65.91999816894531,64.81999969482422,65.44000244140625,4579600
2024-02-01,60.375938415527344,64.83000183105469,65.4800033569336,63.93000030517578,64.63999938964844,3855500
2024-02-02,60.347999572753906,64.80000305175781,65.33000183105469,64.38999938964844,64.98999786376953,4384300
2024-02-05,59.16524887084961,63.529998779296875,64.75,63.52000045776367,64.55000305175781,3259500
2024-02-06,60.375938415527344,64.83000183105469,65.33999633789062,63.470001220703125,63.560001373291016,4652300
2024-02-07,59.3328857421875,63.709999084472656,65.16000366210938,63.630001068115234,65.01000213623047,3651200
2024-02-08,59.65883255004883,64.05999755859375,64.66999816894531,63.220001220703125,63.5,4001700
2024-02-09,58.0570068359375,62.34000015258789,63.91999816894531,62.09000015258789,63.79999923706055,4260400
2024-02-12,58.74617004394531,63.08000183105469,63.11000061035156,61.9900016784668,62.150001525878906,3399100
2024-02-13,58.60647201538086,62.93000030517578,63.720001220703125,62.38999938964844,63.2599983215332,3866000
2024-02-14,58.08494567871094,62.369998931884766,62.95000076293945,61.47999954223633,62.720001220703125,4176900
2024-02-15,58.94174575805664,63.290000915527344,63.43000030517578,62.54999923706055,62.65999984741211,3097500
2024-02-16,59.69609069824219,64.0999984741211,64.48999786376953,62.689998626708984,63.099998474121094,5854900
2024-02-20,61.26067352294922,65.77999877929688,66.0,64.25,64.69000244140625,5978400
2024-02-21,61.10234451293945,65.61000061035156,66.5199966430664,65.11000061035156,66.1500015258789,3738600
2024-02-22,60.599449157714844,65.06999969482422,65.18000030517578,63.709999084472656,64.9800033569336,3113500
2024-02-23,60.832275390625,65.31999969482422,65.80000305175781,64.68000030517578,65.01000213623047,2248900
2024-02-26,60.53425598144531,65.0,65.55999755859375,64.98999786376953,65.27999877929688,3641500
2024-02-27,59.798526763916016,64.20999908447266,64.9800033569336,63.90999984741211,64.87999725341797,3119900
2024-02-28,59.882347106933594,64.30000305175781,64.51000213623047,63.88999938964844,64.44000244140625,2554100
2024-02-29,59.770591735839844,64.18000030517578,64.66999816894531,64.04000091552734,64.41000366210938,4187500
2024-03-01,59.547080993652344,63.939998626708984,64.38999938964844,63.43000030517578,64.19999694824219,3382500
2024-03-04,59.947540283203125,64.37000274658203,64.41000366210938,63.47999954223633,63.720001220703125,2996900
2024-03-05,60.040672302246094,64.47000122070312,65.19000244140625,64.30999755859375,64.55999755859375,4031600
2024-03-06,60.75776672363281,65.23999786376953,65.27999877929688,64.58000183105469,64.80000305175781,4287200
2024-03-07,59.86371612548828,64.27999877929688,65.3499984741211,63.63999938964844,65.23999786376953,3963800
2024-03-08,60.776390075683594,65.26000213623047,65.41000366210938,63.810001373291016,64.06999969482422,4421200
2024-03-11,61.14891052246094,65.66000366210938,66.45999908447266,65.47000122070312,65.5,3350700
2024-03-12,61.20479202270508,65.72000122070312,66.12999725341797,65.29000091552734,65.37000274658203,3080400
2024-03-13,61.49348831176758,66.02999877929688,66.36000061035156,65.7699966430664,66.12999725341797,4530200
2024-03-14,61.04647445678711,65.55000305175781,66.11000061035156,65.18000030517578,65.69000244140625,4996100
2024-03-15,62.17333984375,66.76000213623047,66.8499984741211,65.18000030517578,65.30999755859375,7997000
2024-03-18,63.08599853515625,67.73999786376953,68.1500015258789,66.63999938964844,66.70999908447266,7284600
2024-03-19,63.914859771728516,68.62999725341797,68.80999755859375,67.83000183105469,68.0999984741211,6426000
2024-03-20,64.65989685058594,69.43000030517578,74.44999694824219,68.58000183105469,73.95999908447266,8887600
2024-03-21,64.03593444824219,68.76000213623047,69.45999908447266,68.13999938964844,69.45999908447266,5036700
2024-03-22,64.3525619506836,69.0999984741211,69.76000213623047,68.7699966430664,68.94999694824219,5731700
2024-03-25,64.38983154296875,69.13999938964844,69.63999938964844,68.69999694824219,69.4000015258789,3955300
2024-03-26,63.644779205322266,68.33999633789062,69.27999877929688,68.33999633789062,69.2300033569336,5288900
2024-03-27,64.87410736083984,69.66000366210938,69.72000122070312,68.47000122070312,68.47000122070312,5332200
2024-03-28,65.16278839111328,69.97000122070312,70.66000366210938,69.81999969482422,69.86000061035156,5995300
2024-04-01,65.31179809570312,70.12999725341797,70.27999877929688,69.5999984741211,70.16000366210938,3204300
2024-04-02,65.71227264404297,70.55999755859375,70.61000061035156,69.91000366210938,70.26000213623047,3797000
2024-04-03,64.25012969970703,68.98999786376953,70.47000122070312,68.97000122070312,70.33999633789062,4382900
2024-04-04,65.54463195800781,70.37999725341797,70.52999877929688,68.91999816894531,69.37999725341797,4332100
2024-04-05,64.99516296386719,69.79000091552734,70.52999877929688,69.44999694824219,70.19000244140625,3630000
2024-04-08,65.19073486328125,70.0,70.4800033569336,69.56999969482422,69.79000091552734,4021100
2024-04-09,65.91392517089844,70.18000030517578,70.20999908447266,69.13999938964844,69.41999816894531,4424900
2024-04-10,64.66478729248047,68.8499984741211,70.2300033569336,68.30999755859375,69.94999694824219,4435000
2024-04-11,62.9272346496582,67.0,69.2699966430664,66.98999786376953,69.05000305175781,4935200
2024-04-12,62.17586135864258,66.19999694824219,67.16000366210938,66.11000061035156,67.16000366210938,3371900
2024-04-15,63.227783203125,67.31999969482422,67.5,66.30000305175781,66.43000030517578,4510300
2024-04-16,63.71617126464844,67.83999633789062,68.01000213623047,67.30999755859375,67.51000213623047,4205200
2024-04-17,64.34545135498047,68.51000213623047,68.80000305175781,68.08000183105469,68.22000122070312,3664800
2024-04-18,64.89018249511719,69.08999633789062,69.26000213623047,68.56999969482422,69.0,3620400
2024-04-19,66.13933563232422,70.41999816894531,70.6500015258789,69.08000183105469,69.20999908447266,3992200
2024-04-22,66.84375762939453,71.16999816894531,71.37999725341797,70.4000015258789,70.61000061035156,3637500
2024-04-23,66.51502227783203,70.81999969482422,71.55000305175781,70.63999938964844,71.06999969482422,3690600
2024-04-24,67.25700378417969,71.61000061035156,71.87000274658203,69.94999694824219,70.16000366210938,4446100
2024-04-25,67.04098510742188,71.37999725341797,72.31999969482422,71.11000061035156,71.86000061035156,2875200
2024-04-26,66.52442932128906,70.83000183105469,72.12999725341797,70.80999755859375,71.01000213623047,4170400
2024-04-29,65.96089172363281,70.2300033569336,71.19000244140625,69.91999816894531,70.87000274658203,4179100
2024-04-30,66.1769027709961,70.45999908447266,70.52999877929688,69.83000183105469,70.08000183105469,3121600
2024-05-01,65.73548126220703,69.98999786376953,70.47000122070312,69.45999908447266,70.31999969482422,3396800
2024-05-02,66.35535430908203,70.6500015258789,70.86000061035156,70.33000183105469,70.4000015258789,3071000
2024-05-03,65.66036224365234,69.91000366210938,70.56999969482422,69.43000030517578,70.52999877929688,3444200
2024-05-06,64.9371566772461,69.13999938964844,70.22000122070312,68.86000061035156,70.0199966430664,3602100
2024-05-07,65.66036224365234,69.91000366210938,70.05999755859375,69.37999725341797,69.58000183105469,2453800
2024-05-08,65.30345153808594,69.52999877929688,70.2699966430664,69.48999786376953,70.08000183105469,2494500
2024-05-09,65.98907470703125,70.26000213623047,70.2699966430664,68.8499984741211,69.43000030517578,2397400
2024-05-10,66.40231323242188,70.69999694824219,70.86000061035156,69.94999694824219,70.23999786376953,2398700
2024-05-13,66.3459701538086,70.63999938964844,71.1500015258789,70.4000015258789,70.75,2897000
2024-05-14,66.54320526123047,70.8499984741211,71.0,70.37000274658203,70.68000030517578,3237300
2024-05-15,65.585205078125,69.83000183105469,71.01000213623047,69.6500015258789,70.98999786376953,3847200
2024-05-16,67.05977630615234,71.4000015258789,71.48999786376953,69.8499984741211,69.91999816894531,2481000
2024-05-17,66.90949249267578,71.23999786376953,71.5199966430664,70.79000091552734,71.44999694824219,2753000
2024-05-20,67.08793640136719,71.43000030517578,71.44000244140625,70.44000244140625,71.26000213623047,2280200
2024-05-21,66.33657836914062,70.62999725341797,71.69999694824219,70.4800033569336,71.66999816894531,2541100
2024-05-22,66.0735855102539,70.3499984741211,70.44999694824219,69.66999816894531,70.37999725341797,3409900
2024-05-23,64.89018249511719,69.08999633789062,70.01000213623047,68.8499984741211,70.01000213623047,3083400
2024-05-24,64.1482162475586,68.30000305175781,69.41999816894531,68.19999694824219,69.29000091552734,3195900
2024-05-28,62.626686096191406,66.68000030517578,67.98999786376953,66.12999725341797,67.72000122070312,6350900
2024-05-29,62.44823455810547,66.48999786376953,67.26000213623047,65.83000183105469,66.61000061035156,6099800
2024-05-30,62.598514556884766,66.6500015258789,67.44999694824219,66.5999984741211,66.66999816894531,3679500
2024-05-31,64.57086181640625,68.75,68.80999755859375,66.6500015258789,66.6500015258789,7500900
2024-06-03,63.63164520263672,67.75,69.20999908447266,67.66999816894531,68.69000244140625,4232600
2024-06-04,63.997928619384766,68.13999938964844,68.2699966430664,67.16000366210938,67.8499984741211,2512000
2024-06-05,63.35926818847656,67.45999908447266,68.11000061035156,66.7699966430664,67.80000305175781,3294200
2024-06-06,63.29352951049805,67.38999938964844,67.80999755859375,66.80000305175781,67.45999908447266,2805100
2024-06-07,63.35926818847656,67.45999908447266,68.02999877929688,67.26000213623047,67.30000305175781,3373900
2024-06-10,62.83331298828125,66.9000015258789,67.45999908447266,66.12000274658203,67.26000213623047,4002700
2024-06-11,62.90845489501953,66.9800033569336,67.29000091552734,66.41999816894531,66.70999908447266,2999600
2024-06-12,61.32118606567383,65.29000091552734,66.91999816894531,65.23999786376953,66.66000366210938,4019100
2024-06-13,61.62173080444336,65.61000061035156,66.05000305175781,65.06999969482422,65.19000244140625,3639700
2024-06-14,61.51841735839844,65.5,66.23999786376953,65.4800033569336,65.66999816894531,2904100
2024-06-17,62.26039123535156,66.29000091552734,66.30000305175781,64.91000366210938,65.16999816894531,2964900
2024-06-18,62.60790252685547,66.66000366210938,66.86000061035156,65.94000244140625,65.9800033569336,4662800
2024-06-20,62.636077880859375,66.69000244140625,67.33999633789062,66.37000274658203,66.43000030517578,4989800
2024-06-21,63.00237274169922,67.08000183105469,67.80000305175781,66.7300033569336,66.94000244140625,6390800
2024-06-24,63.932193756103516,68.06999969482422,68.44000244140625,67.19999694824219,67.30999755859375,6248800
2024-06-25,63.17143630981445,67.26000213623047,68.44000244140625,67.0999984741211,67.70999908447266,6561300
2024-06-26,60.26926040649414,64.16999816894531,64.73999786376953,62.029998779296875,62.40999984741211,9908900
2024-06-27,59.83722686767578,63.709999084472656,64.8499984741211,63.36000061035156,64.4800033569336,6436900
2024-06-28,59.414581298828125,63.2599983215332,63.84000015258789,63.08000183105469,63.54999923706055,13274300
2024-07-01,59.4521484375,63.29999923706055,64.2300033569336,63.209999084472656,63.43000030517578,3250500
2024-07-02,59.330047607421875,63.16999816894531,63.560001373291016,62.900001525878906,63.150001525878906,2949500
2024-07-03,59.245521545410156,63.08000183105469,63.2599983215332,62.7599983215332,63.0099983215332,2521800
2024-07-05,59.057682037353516,62.880001068115234,63.18000030517578,62.619998931884766,62.93000030517578,2671200
2024-07-08,58.70077896118164,62.5,63.33000183105469,62.4900016784668,63.099998474121094,2932800
2024-07-09,58.87923049926758,62.689998626708984,63.08000183105469,62.119998931884766,62.459999084472656,3826100
2024-07-10,59.41975402832031,62.65999984741211,62.86000061035156,62.220001220703125,62.290000915527344,3106100
2024-07-11,59.903377532958984,63.16999816894531,63.75,62.349998474121094,62.619998931884766,3377200
2024-07-12,59.77062225341797,63.029998779296875,64.05000305175781,62.97999954223633,63.52000045776367,3367700
2024-07-15,59.60940933227539,62.86000061035156,63.33000183105469,62.7400016784668,63.16999816894531,3720000
2024-07-16,59.64734649658203,62.900001525878906,63.040000915527344,62.290000915527344,62.650001525878906,3960500
2024-07-17,61.96116256713867,65.33999633789062,65.66000366210938,63.41999816894531,63.529998779296875,4090500
2024-07-18,62.13185119628906,65.5199966430664,66.80999755859375,64.6500015258789,64.69000244140625,2989000
2024-07-19,61.050811767578125,64.37999725341797,65.72000122070312,64.16000366210938,65.56999969482422,2361300
2024-07-22,61.25943374633789,64.5999984741211,65.18000030517578,64.22000122070312,64.48999786376953,2778300
2024-07-23,60.68097686767578,63.9900016784668,64.63999938964844,63.560001373291016,64.55999755859375,2662100
2024-07-24,62.12238311767578,65.51000213623047,65.91999816894531,63.68000030517578,64.26000213623047,3621600
2024-07-25,62.42582702636719,65.83000183105469,67.25,65.47000122070312,65.62999725341797,4020700
2024-07-26,62.89048767089844,66.31999969482422,66.63999938964844,65.5999984741211,65.5999984741211,2548100
2024-07-29,63.51636505126953,66.9800033569336,67.26000213623047,65.55999755859375,66.16999816894531,3135600
2024-07-30,64.5310287475586,68.05000305175781,68.13999938964844,66.44999694824219,66.44999694824219,3530800
2024-07-31,63.6680908203125,67.13999938964844,68.19000244140625,67.12000274658203,67.69000244140625,6477100
2024-08-01,64.1706771850586,67.66999816894531,67.87999725341797,66.44000244140625,67.0,4512500
2024-08-02,65.69741821289062,69.27999877929688,69.41999816894531,67.62999725341797,68.43000030517578,5271500
2024-08-05,64.74913787841797,68.27999877929688,70.83000183105469,67.61000061035156,70.01000213623047,3922900
2024-08-06,64.417236328125,67.93000030517578,69.36000061035156,67.87999725341797,68.27999877929688,3475500
2024-08-07,65.28966522216797,68.8499984741211,69.23999786376953,67.66000366210938,67.81999969482422,2905300
2024-08-08,65.4698257446289,69.04000091552734,69.83000183105469,68.16000366210938,68.33999633789062,2441000
2024-08-09,65.54570770263672,69.12000274658203,69.20999908447266,68.45999908447266,68.83000183105469,1999400
2024-08-12,64.76810455322266,68.30000305175781,69.5,66.0,69.44999694824219,2099200
2024-08-13,65.6215591430664,69.19999694824219,69.33999633789062,68.22000122070312,68.37000274658203,2583800
2024-08-14,66.75950622558594,70.4000015258789,71.08000183105469,69.20999908447266,69.20999908447266,3857200
2024-08-15,65.19483184814453,68.75,70.77999877929688,68.69000244140625,70.76000213623047,3912400
2024-08-16,65.46035766601562,69.02999877929688,69.19000244140625,68.61000061035156,68.75,2320900
2024-08-19,66.2094955444336,69.81999969482422,70.01000213623047,69.05999755859375,69.1500015258789,4181200
2024-08-20,66.33277893066406,69.94999694824219,70.1500015258789,69.44999694824219,69.81999969482422,2962100
2024-08-21,66.97761535644531,70.62999725341797,70.87000274658203,69.9800033569336,70.12999725341797,2963900
2024-08-22,67.01554870605469,70.66999816894531,71.0,70.31999969482422,70.94999694824219,1823600
2024-08-23,67.16728210449219,70.83000183105469,70.91999816894531,70.30999755859375,70.69000244140625,1957300
2024-08-26,67.31900024414062,70.98999786376953,71.55999755859375,70.66999816894531,70.72000122070312,1839300
2024-08-27,67.35692596435547,71.02999877929688,71.4000015258789,70.73999786376953,71.12000274658203,1930200
2024-08-28,67.8595199584961,71.55999755859375,71.9800033569336,70.58999633789062,70.98999786376953,2687800
2024-08-29,67.66986846923828,71.36000061035156,71.6500015258789,70.72000122070312,71.62000274658203,3121600
2024-08-30,68.55177307128906,72.29000091552734,72.43000030517578,71.25,71.25,3645800
2024-09-03,68.87418365478516,72.62999725341797,72.8499984741211,71.52999877929688,72.30000305175781,4443300
2024-09-04,69.77506256103516,73.58000183105469,73.7699966430664,72.5999984741211,72.6500015258789,2895200
2024-09-05,70.65697479248047,74.51000213623047,74.83000183105469,73.77999877929688,73.87000274658203,4468600
2024-09-06,71.17852783203125,75.05999755859375,75.54000091552734,74.43000030517578,74.5999984741211,4057800
2024-09-09,71.26387786865234,75.1500015258789,75.45999908447266,74.5199966430664,75.05999755859375,3637400
2024-09-10,70.9604263305664,74.83000183105469,75.9000015258789,74.66999816894531,75.1500015258789,3270800
2024-09-11,69.33885192871094,73.12000274658203,74.66000366210938,72.55000305175781,74.52999877929688,3739100
2024-09-12,69.23454284667969,73.01000213623047,73.12999725341797,72.06999969482422,72.80000305175781,3810300
2024-09-13,69.8983383178711,73.70999908447266,73.88999938964844,72.70999908447266,73.05000305175781,3010300
2024-09-16,70.77076721191406,74.62999725341797,75.48999786376953,74.55000305175781,74.58999633789062,3324600
2024-09-17,70.64749145507812,74.5,75.26000213623047,74.19999694824219,74.33000183105469,4513600
2024-09-18,71.1311264038086,75.01000213623047,75.66000366210938,72.19999694824219,72.25,8032700
2024-09-19,71.02681732177734,74.9000015258789,75.0,73.87999725341797,74.62000274658203,4162700
2024-09-20,70.65697479248047,74.51000213623047,75.33000183105469,74.25,75.16999816894531,9129800
2024-09-23,70.353515625,74.19000244140625,74.55999755859375,73.52999877929688,74.20999908447266,3487400
2024-09-24,69.95523071289062,73.7699966430664,74.9000015258789,73.51000213623047,74.02999877929688,2720200
2024-09-25,69.94576263427734,73.76000213623047,74.36000061035156,73.48999786376953,74.06999969482422,2782900
2024-09-26,70.16385650634766,73.98999786376953,74.4000015258789,73.2699966430664,73.33999633789062,2896200
2024-09-27,70.53368377685547,74.37999725341797,74.9800033569336,74.05999755859375,74.12999725341797,2960500
2024-09-30,70.03109741210938,73.8499984741211,74.75,73.38999938964844,74.66000366210938,2904100
2024-10-01,70.76128387451172,74.62000274658203,74.8499984741211,73.79000091552734,73.97000122070312,4071900
2024-10-02,69.50955200195312,73.30000305175781,74.43000030517578,72.91000366210938,73.98999786376953,5958300
2024-10-03,69.26299285888672,73.04000091552734,73.1500015258789,72.22000122070312,72.95999908447266,3443600
2024-10-04,69.80351257324219,73.61000061035156,73.77999877929688,72.58999633789062,72.68000030517578,2413000
2024-10-07,68.97850036621094,72.73999786376953,73.73999786376953,72.6500015258789,73.51000213623047,2392100
2024-10-08,68.74142456054688,72.48999786376953,72.81999969482422,71.9800033569336,72.66000366210938,3328400
2024-10-09,68.34314727783203,72.06999969482422,72.70999908447266,71.88999938964844,72.62000274658203,2620600
2024-10-10,68.18058013916016,71.30000305175781,72.5,71.16000366210938,71.7699966430664,2578600
2024-10-11,67.7120132446289,70.80999755859375,71.58999633789062,70.75,71.58999633789062,2816000
2024-10-14,67.73115539550781,70.83000183105469,70.9000015258789,70.48999786376953,70.86000061035156,2221600
2024-10-15,68.1136474609375,71.2300033569336,72.55000305175781,70.87999725341797,70.98999786376953,3709900
2024-10-16,67.89370727539062,71.0,71.4800033569336,70.9000015258789,70.93000030517578,3240400
2024-10-17,67.58770751953125,70.68000030517578,71.0,70.44999694824219,71.0,3169700
2024-10-18,66.87052154541016,69.93000030517578,70.5999984741211,69.63999938964844,70.5999984741211,3867800
2024-10-21,65.76127624511719,68.7699966430664,70.3499984741211,68.61000061035156,70.25,3501800
2024-10-22,66.05770874023438,69.08000183105469,69.23999786376953,68.63999938964844,68.7300033569336,3378900
2024-10-23,65.57958221435547,68.58000183105469,68.93000030517578,68.3499984741211,68.79000091552734,3385000
2024-10-24,65.6082763671875,68.61000061035156,69.02999877929688,68.45999908447266,68.5199966430664,2369300
2024-10-25,65.31183624267578,68.30000305175781,68.86000061035156,68.26000213623047,68.6500015258789,2183900
2024-10-28,65.28314971923828,68.2699966430664,68.97000122070312,68.16000366210938,68.38999938964844,3029600
2024-10-29,64.97714233398438,67.94999694824219,68.58000183105469,67.87000274658203,68.0199966430664,2966100
2024-10-30,65.23533630371094,68.22000122070312,68.26000213623047,67.5999984741211,67.87999725341797,5067200
2024-10-31,65.0440902709961,68.0199966430664,68.88999938964844,68.0,68.20999908447266,4288800
2024-11-01,65.25446319580078,68.23999786376953,68.68000030517578,67.94999694824219,68.27999877929688,3495000
2024-11-04,65.11102294921875,68.08999633789062,68.62999725341797,67.94999694824219,68.2300033569336,2851900
2024-11-05,65.32139587402344,68.30999755859375,68.41000366210938,67.83000183105469,68.01000213623047,3202400
2024-11-06,63.102901458740234,65.98999786376953,68.73999786376953,65.86000061035156,68.6500015258789,5910500
2024-11-07,62.098838806152344,64.94000244140625,66.3499984741211,64.88999938964844,66.05000305175781,4534500
2024-11-08,62.6534538269043,65.5199966430664,65.8499984741211,64.69000244140625,64.9000015258789,3006000
2024-11-11,61.295589447021484,64.0999984741211,65.55999755859375,64.08000183105469,65.38999938964844,5010400
2024-11-12,61.44858932495117,64.26000213623047,64.72000122070312,64.0199966430664,64.37999725341797,4704500
2024-11-13,62.376155853271484,65.2300033569336,65.3499984741211,64.01000213623047,64.08999633789062,3233100
2024-11-14,61.8788948059082,64.70999908447266,65.7300033569336,64.62000274658203,65.4800033569336,3675100
2024-11-15,60.444522857666016,63.209999084472656,64.22000122070312,62.38999938964844,64.22000122070312,6785000
2024-11-18,60.12896728515625,62.880001068115234,63.849998474121094,62.75,63.529998779296875,4859800
2024-11-19,60.03334045410156,62.779998779296875,63.08000183105469,62.27000045776367,62.93000030517578,2847600
2024-11-20,61.00871276855469,63.79999923706055,63.81999969482422,62.650001525878906,62.91999816894531,4685900
2024-11-21,61.31471252441406,64.12000274658203,64.16000366210938,62.880001068115234,63.70000076293945,3659000
2024-11-22,62.15620803833008,65.0,65.12999725341797,64.25,64.55999755859375,3919700
2024-11-25,62.663021087646484,65.52999877929688,65.62999725341797,65.06999969482422,65.20999908447266,4852100
2024-11-26,63.102901458740234,65.98999786376953,66.33000183105469,65.44000244140625,65.5,3642500
2024-11-27,63.3323974609375,66.2300033569336,67.0,66.16999816894531,66.41999816894531,2678300
2024-11-29,63.3610954284668,66.26000213623047,66.37999725341797,65.70999908447266,66.12000274658203,1792500
2024-12-02,64.07827758789062,67.01000213623047,67.4000015258789,65.8499984741211,66.23999786376953,5151400
2024-12-03,63.34196472167969,66.23999786376953,67.13999938964844,66.23999786376953,67.02999877929688,4979200
2024-12-04,62.4813346862793,65.33999633789062,66.19999694824219,65.06999969482422,65.6500015258789,3152600
2024-12-05,62.68214797973633,65.55000305175781,65.75,65.06999969482422,65.08000183105469,2847000
2024-12-06,62.21358108520508,65.05999755859375,66.18000030517578,65.01000213623047,65.69000244140625,3708800
2024-12-09,63.00727844238281,65.88999938964844,66.44000244140625,64.83999633789062,64.98999786376953,3642000
2024-12-10,63.246337890625,66.13999938964844,66.31999969482422,65.18000030517578,65.6500015258789,2993000
2024-12-11,62.63433837890625,65.5,66.41999816894531,65.41000366210938,66.18000030517578,5345300
2024-12-12,63.18896484375,66.08000183105469,66.4000015258789,65.25,65.94000244140625,3368700
2024-12-13,63.772274017333984,66.69000244140625,67.18000030517578,66.4000015258789,66.87999725341797,3193300
2024-12-16,62.72996520996094,65.5999984741211,66.97000122070312,65.58000183105469,66.80000305175781,5620400
2024-12-17,63.04552459716797,65.93000030517578,66.69000244140625,64.80999755859375,65.16999816894531,6012200
2024-12-18,61.1139030456543,63.90999984741211,64.62999725341797,62.810001373291016,63.099998474121094,13262600
2024-12-19,61.20952606201172,64.01000213623047,65.08999633789062,63.36000061035156,63.5,6138100
2024-12-20,60.8270263671875,63.61000061035156,64.5,63.33000183105469,64.30999755859375,10672900
2024-12-23,60.76964569091797,63.54999923706055,63.88999938964844,62.9900016784668,63.15999984741211,3380200
2024-12-24,60.95133590698242,63.7400016784668,63.83000183105469,63.18000030517578,63.20000076293945,1220400
2024-12-26,60.970458984375,63.7599983215332,64.36000061035156,63.470001220703125,63.5,2212100
2024-12-27,61.15214920043945,63.95000076293945,64.18000030517578,63.5,63.61000061035156,1984400
2024-12-30,60.59752655029297,63.369998931884766,63.959999084472656,63.099998474121094,63.869998931884766,2521100
2024-12-31,60.98002624511719,63.77000045776367,63.88999938964844,63.16999816894531,63.25,2634900
